1419.21 1.54635 -0.433383 -0.243259 2.75844 -0.42381 -0.852485 0.186969 0.235569 1.02652 2.55668 0.169575 -0.040325 -1.35938 0.668952 1.26978 -0.201763 0.593385 0.81216 1.9768 56.9284
1419.38 1.54622 -0.432669 -0.241682 2.7585 -0.423763 -0.85253 0.162196 0.203582 1.04357 2.40627 0.143961 -0.0358734 -1.38402 0.63625 1.28525 -0.352234 0.567725 0.816656 1.99304 57.404
1419.46 1.54631 -0.432485 -0.240894 2.75852 -0.423749 -0.852584 0.127203 0.167461 1.07183 2.55221 0.188466 -0.0298411 -1.4191 0.599947 1.31273 -0.206312 0.612215 0.822743 2.02412 58.1104
1419.71 1.54627 -0.43216 -0.240149 2.75845 -0.423747 -0.852478 0.109568 0.0942773 1.05499 2.5402 0.171907 -0.0298325 -1.4367 0.526437 1.29514 -0.218257 0.595653 0.822645 2.00465 57.5546
1420.11 1.54721 -0.431412 -0.240729 2.75843 -0.42375 -0.852579 0.111207 0.0324185 1.05434 2.46968 0.156026 -0.0754885 -1.436 0.463831 1.29507 -0.288751 0.579776 0.777091 1.98858 55.5228
1420.51 1.54764 -0.426979 -0.236047 2.75842 -0.423583 -0.85263 0.145517 -0.116734 1.05375 2.88609 0.174225 0.0121931 -1.40212 0.310246 1.2898 0.127673 0.597808 0.864823 1.93023 60.7789
1420.58 1.54766 -0.426373 -0.2352 2.75839 -0.423586 -0.852643 0.166635 -0.113336 1.03628 2.81265 0.170169 0.0254978 -1.38102 0.313037 1.27148 0.0542546 0.593755 0.878141 1.90312 60.5137
1420.64 1.54767 -0.4259 -0.234527 2.75841 -0.423567 -0.852655 0.18212 -0.112672 1.0308 2.83233 0.229899 0.0183347 -1.36555 0.313228 1.26533 0.073922 0.653465 0.87099 1.88782 62.1257
1420.7 1.5482 -0.424996 -0.233924 2.75844 -0.423572 -0.852631 0.18656 -0.109193 1.03494 2.85836 0.2739 0.0292106 -1.36164 0.315803 1.26887 0.0999179 0.697472 0.881841 1.88781 64.1685
1420.79 1.54867 -0.424164 -0.233283 2.75846 -0.423581 -0.852617 0.184944 -0.10847 1.03527 2.82394 0.266469 0.0281388 -1.36372 0.315694 1.26855 0.0654782 0.69005 0.880756 1.88908 63.6356
1420.91 1.54889 -0.423691 -0.232869 2.75846 -0.423573 -0.852635 0.17594 -0.111469 1.04745 2.81833 0.257089 0.0279155 -1.37295 0.312222 1.28032 0.0598683 0.680662 0.88055 1.90308 63.292
1420.99 1.54932 -0.422771 -0.231699 2.75843 -0.423554 -0.852721 0.17063 -0.113111 1.04661 2.81775 0.25238 0.0278075 -1.37869 0.309661 1.27831 0.0593193 0.675934 0.880528 1.90545 63.1384
1421.03 1.54949 -0.42258 -0.231312 2.75843 -0.423579 -0.852707 0.169259 -0.11804 1.05616 2.82198 0.215964 0.0176944 -1.38023 0.30454 1.28747 0.0635567 0.639542 0.870402 1.9119 61.592
1421.13 1.55031 -0.421175 -0.229471 2.75839 -0.423593 -0.852641 0.170805 -0.121819 1.05538 2.83848 0.234615 0.013296 -1.3795 0.299356 1.28485 0.0800862 0.658208 0.865937 1.90879 62.096
1421.18 1.55042 -0.420942 -0.229228 2.75839 -0.423607 -0.852631 0.174617 -0.124256 1.04951 2.81021 0.231822 0.00632283 -1.37581 0.296686 1.27874 0.0518142 0.655429 0.858954 1.90159 61.4845
1421.32 1.55054 -0.419656 -0.228328 2.75841 -0.423571 -0.852617 0.18836 -0.130335 1.06052 2.82097 0.207726 0.0116092 -1.36218 0.289321 1.28884 0.0625658 0.631297 0.864226 1.89746 61.0549
1421.71 1.54782 -0.417017 -0.226187 2.75838 -0.423596 -0.852761 0.247423 -0.233301 0.993548 2.81416 0.285371 0.0207518 -1.3004 0.183716 1.21974 0.0557872 0.708967 0.873512 1.79235 63.8707
1421.78 1.54748 -0.416838 -0.225715 2.75836 -0.42362 -0.852786 0.264066 -0.265515 0.985594 2.84393 0.301176 0.0220952 -1.28342 0.151322 1.21131 0.0855763 0.724796 0.874881 1.77125 64.6304
1422.86 1.54578 -0.417759 -0.226059 2.75818 -0.423782 -0.852616 0.0525948 -0.0442781 1.21482 2.7847 0.146425 -0.132481 -1.49318 0.373481 1.44088 0.0265233 0.570207 0.720135 2.10837 52.3712
1422.92 1.54336 -0.417807 -0.225405 2.75815 -0.423756 -0.85272 -0.0162879 0.0150654 1.24572 2.68553 0.026257 -0.241095 -1.55965 0.432873 1.47112 -0.0726205 0.450013 0.611625 2.18725 42.783
1423.45 1.5368 -0.415829 -0.220211 2.75864 -0.424271 -0.851767 -0.115431 0.0815676 1.27742 2.49904 -0.135517 -0.222838 -1.65224 0.497397 1.49763 -0.259592 0.288754 0.628929 2.28477 38.4573
1424.22 1.32044 -0.607228 -0.541797 2.71625 -0.185025 -1.0555 -0.0772913 0.141131 1.20536 2.61788 -0.0495883 -0.251241 -1.39773 0.748359 1.74716 -0.0983745 0.135436 0.804261 2.35929 46.3632
1424.28 0.907092 -0.941815 -0.764105 2.53661 -0.0700853 -1.37306 -0.0628029 0.173093 1.18981 2.56068 0.0308173 -0.283176 -0.969895 1.11491 1.95391 0.0240698 0.100903 1.08989 2.44979 62.7266
1427.77 -0.344608 -1.1242 0.953549 3.09795 -0.344094 -2.17503 0.0442377 0.254924 0.956091 2.24636 0.0191152 -0.106603 0.388845 1.37912 0.00254175 -0.851591 0.363209 2.06842 1.43289 117.961
1427.8 -0.344042 -1.12487 0.953606 3.09653 -0.344425 -2.17518 0.0307698 0.216346 0.955394 2.43483 0.0539645 -0.100991 0.374812 1.34122 0.00178831 -0.661708 0.398389 2.07418 1.39261 118.393
1428.28 -0.291726 -1.1836 0.891818 3.02783 -0.327611 -2.14057 0.0353445 0.0335503 0.935144 2.77689 0.0829639 0.108781 0.327071 1.21715 0.0433265 -0.250936 0.410575 2.24935 1.26108 128.701
1428.63 -0.272666 -1.27603 0.767397 2.90662 -0.274132 -2.12932 -0.00911127 0.12286 0.945713 2.75125 0.0235421 -0.0405814 0.263555 1.39889 0.178316 -0.155372 0.297674 2.08874 1.43462 119.499
1428.74 -0.281803 -1.28756 0.739818 2.88402 -0.256563 -2.13781 -0.0271467 0.105669 0.942703 2.82284 0.153312 -0.118439 0.254656 1.39323 0.202884 -0.0611773 0.409875 2.01937 1.43077 117.056
1428.86 -0.300897 -1.30955 0.682722 2.84648 -0.219728 -2.15708 -0.0911355 0.135858 0.919717 2.7548 0.169392 -0.180155 0.209761 1.44541 0.236995 -0.0916746 0.38912 1.97693 1.47966 114.634
1428.96 -0.307721 -1.29518 0.700419 2.88271 -0.213358 -2.16095 -0.116447 0.158681 0.941289 2.71335 0.031918 -0.167354 0.191274 1.45386 0.240871 -0.169358 0.245276 1.9936 1.48604 114.167
1428.98 -0.333519 -1.27251 0.727832 2.92511 -0.214455 -2.1758 -0.117754 0.15086 0.967915 2.72309 -0.0665862 -0.13716 0.215765 1.42337 0.240083 -0.202028 0.147869 2.03864 1.45951 115.735
1429.04 -0.349727 -1.25257 0.755325 2.95846 -0.2197 -2.18695 -0.113498 0.141 0.964016 2.68397 -0.00410317 -0.127152 0.236229 1.39357 0.208692 -0.274482 0.215597 2.05979 1.42877 117.309
1429.25 -0.484344 -1.06953 0.967771 -3.09362 -0.29294 -2.28344 -0.140062 0.0883943 0.999848 2.74708 0.0518275 -0.0511074 0.344282 1.15793 0.0320766 5.8407 0.344768 2.23233 1.20845 127.053
1429.3 -0.491554 -1.05047 0.991769 -3.07432 -0.30289 -2.29289 -0.154825 0.0688016 0.997349 2.74148 0.0338119 -0.0155286 0.336729 1.11927 0.00558037 5.8158 0.336702 2.27737 1.16884 129.083
1429.38 -0.536872 -1.00016 1.04045 -3.02647 -0.317332 -2.33768 -0.170305 0.0531818 0.996724 2.76027 0.0332255 0.0245769 0.366566 1.05335 -0.0437264 5.78674 0.350557 2.36226 1.11616 133.497
1429.54 -0.687576 -0.887394 1.10613 -2.92582 -0.315333 -2.47008 -0.18894 0.0472509 0.998977 2.80357 0.0705969 0.0559647 0.498637 0.934645 -0.107157 5.72939 0.38593 2.52604 1.06475 142.941
1429.6 -0.687576 -0.887394 1.10613 -2.92582 -0.315333 -2.47008 -0.220891 0.0479696 1.00625 2.78614 0.0603078 0.130698 0.466685 0.935364 -0.0998823 5.71196 0.375641 2.60077 1.05008 146.724
1429.71 -0.81019 -0.733658 1.20022 -2.84538 -0.341598 -2.62899 -0.271662 0.0605384 1.00308 2.74405 0.0332699 0.218936 0.538528 0.794197 -0.197143 5.58943 0.374868 2.84793 0.979605 158.465
1429.78 -0.839504 -0.632875 1.26151 -2.7908 -0.371493 -2.70092 -0.298594 0.0681059 0.999504 2.7218 0.0162437 0.252424 0.54091 0.700981 -0.262005 5.5126 0.387737 2.95334 0.923366 162.563
1429.86 -0.850907 -0.533163 1.3202 -2.70418 -0.396834 -2.75055 -0.322606 0.0733355 0.998119 2.68919 -0.0439179 0.277129 0.528301 0.606499 -0.32208 5.39337 0.352916 3.02768 0.866417 163.382
1429.93 -0.866353 -0.603794 1.27734 -2.69595 -0.357965 -2.70416 -0.340211 0.0716014 1.00189 2.68714 -0.0789987 0.302465 0.526142 0.675395 -0.275452 5.3831 0.278966 3.00663 0.899365 162.259
1429.98 -0.866353 -0.603794 1.27734 -2.69595 -0.357965 -2.70416 -0.342971 0.0599709 0.996597 2.58872 -0.143625 0.326948 0.523382 0.663765 -0.280741 5.28468 0.21434 3.03111 0.890689 160.793
1430.05 -0.814175 -0.803314 1.18076 -2.75495 -0.300709 -2.58205 -0.328 0.0422251 1.00276 2.58262 -0.188975 0.345078 0.486175 0.845539 -0.177998 5.33757 0.111734 2.92713 0.991457 156.354
1430.12 -0.79111 -0.853348 1.15319 -2.76457 -0.285927 -2.54496 -0.291317 0.028555 1.01025 2.64371 -0.210873 0.347148 0.499792 0.881903 -0.142934 5.40828 0.0750547 2.89211 1.02371 155.056
1430.2 -0.679271 -1.03618 1.02759 -2.83979 -0.234 -2.41345 -0.247063 0.0227445 1.00964 2.66448 -0.192822 0.358342 0.432208 1.05893 -0.0179571 5.50427 0.0411783 2.77179 1.14388 151.152
1430.35 -0.715091 -1.07343 0.964818 -2.87404 -0.213732 -2.41952 -0.220195 0.0202253 1.00756 2.7116 -0.136213 0.338596 0.494896 1.09366 0.0427466 5.58564 0.077519 2.75812 1.20118 152.539
1430.39 -0.715091 -1.07343 0.964818 -2.87404 -0.213732 -2.41952 -0.20769 0.0138248 0.997262 2.71881 -0.121655 0.340031 0.507401 1.08726 0.0324435 5.59285 0.0920774 2.75955 1.20027 152.944
1430.46 -0.791094 -0.883305 1.10792 -2.83033 -0.329233 -2.52373 -0.198515 0.0089684 0.995419 2.72505 -0.166197 0.369947 0.592579 0.892274 -0.112503 5.55538 0.163036 2.89368 1.07701 156.72
1430.47 -0.791094 -0.883305 1.10792 -2.83033 -0.329233 -2.52373 -0.19117 0.00641858 1.00535 2.81542 -0.124958 0.421238 0.599924 0.889724 -0.102568 5.64575 0.204274 2.94497 1.07798 161.245
1430.51 -0.791094 -0.883305 1.10792 -2.83033 -0.329233 -2.52373 -0.198942 0.00590445 1.00271 2.79068 -0.100815 0.455533 0.592153 0.88921 -0.105216 5.62101 0.228418 2.97926 1.0735 163.29
1430.57 -0.797325 -0.835715 1.14462 -2.81429 -0.357896 -2.54199 -0.198432 0.0049805 0.987415 2.74032 -0.155067 0.511299 0.598893 0.840695 -0.157208 5.55461 0.202829 3.05329 1.04411 164.908
1431.44 -0.650105 -0.586019 1.35711 -2.61481 -0.535393 -2.57281 -0.0172065 -0.0320317 0.942255 2.98976 -0.0695018 1.1543 0.632899 0.553987 -0.414859 5.60457 0.465891 3.72711 0.937854 160.439
1431.54 -0.648941 -0.575675 1.3603 -2.61391 -0.541087 -2.58279 -0.047265 -0.00986753 0.936891 2.90283 0.123174 1.14655 0.601676 0.565807 -0.423407 5.51673 0.664262 3.72934 0.92813 159.292
1431.6 -0.648941 -0.575675 1.3603 -2.61391 -0.541087 -2.58279 -0.0491509 -0.00641993 0.934392 2.87666 0.250084 1.16411 0.59979 0.569255 -0.425905 5.49056 0.791171 3.74691 0.930158 156.891
1431.66 -0.78866 -0.44765 1.34572 -2.43823 -0.496789 -2.64755 -0.0445567 0.00419126 0.942859 2.9064 0.221982 1.21419 0.744104 0.451841 -0.402866 5.34463 0.718771 3.86173 0.959245 152.675
1431.75 -0.867103 -0.367411 1.33201 -2.30965 -0.470459 -2.67434 -0.0472663 0.02555 0.953358 2.88058 0.211934 1.26537 0.819837 0.392961 -0.37865 5.19024 0.682394 3.93972 0.984848 150.914
1431.8 -0.867103 -0.367411 1.33201 -2.30965 -0.470459 -2.67434 -0.0505345 0.0612368 0.954197 2.89378 0.271023 1.29722 0.816568 0.428648 -0.37781 5.20344 0.741483 3.97156 0.996626 148.015
1431.84 -0.904412 -0.281478 1.34107 -2.19432 -0.473416 -2.69837 -0.0457784 0.113217 0.955426 2.86387 0.311706 1.31989 0.858633 0.394695 -0.385641 5.05819 0.785122 4.01826 1.02066 147.621
1431.92 -0.879492 -0.233794 1.37301 -2.14849 -0.504857 -2.70801 -0.0393427 0.163855 0.962321 2.84026 0.382081 1.33262 0.840149 0.397649 -0.410689 4.98875 0.886939 4.04062 1.01619 147.503
1432.02 -0.817141 -0.100551 1.43033 -2.02339 -0.578572 -2.73681 -0.0295404 0.188468 0.956134 2.77811 0.505692 1.33425 0.787601 0.289019 -0.474196 4.8015 1.08426 4.07106 0.963696 149.704
1432.07 -0.817141 -0.100551 1.43033 -2.02339 -0.578572 -2.73681 -0.0180215 0.199954 0.966126 2.82286 0.555287 1.37711 0.79912 0.300505 -0.464203 4.84624 1.13386 4.11392 0.971793 146.291
1432.13 -0.78197 0.00300715 1.44019 -1.9321 -0.618834 -2.76986 -0.00409132 0.204253 0.973255 2.84028 0.580699 1.43624 0.777879 0.201246 -0.466933 4.77238 1.19953 4.20609 0.929313 145.841
1432.19 -0.732264 0.0536026 1.45326 -1.89926 -0.658588 -2.78652 0.015912 0.207998 0.970468 2.85051 0.618066 1.46377 0.748176 0.154396 -0.482788 4.74978 1.27665 4.25029 0.903709 145.984
1432.24 -0.717174 0.0609759 1.45766 -1.89603 -0.669895 -2.78792 0.0367838 0.210839 0.987408 2.93499 0.649876 1.53306 0.753958 0.149863 -0.47025 4.83102 1.31977 4.32099 0.901136 142.308
1432.31 -0.628482 0.104796 1.47984 -1.87599 -0.736193 -2.79733 0.0610495 0.200442 1.01258 2.9586 0.667025 1.56681 0.689531 0.0956464 -0.467264 4.83459 1.40322 4.36414 0.838414 143.936
1432.38 -0.578291 0.112558 1.48945 -1.88158 -0.770413 -2.79808 0.076185 0.179648 1.00399 3.02507 0.682402 1.63272 0.654476 0.06709 -0.485454 4.90666 1.45281 4.4308 0.817622 142.117
1432.48 -0.505137 0.065883 1.49608 -1.95078 -0.804122 -2.7727 0.0789695 0.170169 1.01369 3.05557 0.661691 1.6569 0.584106 0.104286 -0.482389 5.00635 1.46581 4.42959 0.764692 142.137
1432.53 -0.489266 0.0539428 1.49601 -1.96877 -0.810576 -2.76801 0.0808426 0.156815 1.0268 3.06329 0.629938 1.67019 0.570109 0.102873 -0.469205 5.03205 1.44051 4.4382 0.745494 141.97
1432.58 -0.439202 0.014952 1.49386 -2.02802 -0.831057 -2.75152 0.0786145 0.140732 1.02669 3.10166 0.609525 1.6742 0.517817 0.12578 -0.467167 5.12968 1.44058 4.42572 0.708661 141.581
1432.65 -0.378604 -0.0410827 1.48908 -2.11337 -0.852568 -2.72223 0.0710682 0.121524 1.02252 3.12509 0.64937 1.68347 0.449673 0.162607 -0.466557 5.23846 1.50194 4.4057 0.668073 141.041
1432.71 -0.345627 -0.100761 1.46869 -2.2008 -0.861656 -2.6946 0.0712398 0.0888415 1.02029 3.14133 0.658618 1.65876 0.416867 0.189603 -0.448401 5.34213 1.52027 4.35335 0.640929 141.449
1432.79 -0.329983 -0.136809 1.46148 -2.26403 -0.864335 -2.69561 0.0760605 0.0406981 1.00583 3.13521 0.640972 1.66036 0.406044 0.177507 -0.455651 5.39924 1.50531 4.35596 0.635609 140.578
1432.84 -0.296564 -0.139243 1.461 -2.33809 -0.897135 -2.78856 0.0801471 -0.00560679 1.00053 -3.12091 0.550373 1.67436 0.376711 0.133636 -0.460478 -0.782824 1.44751 4.46292 0.609762 136.189
1432.93 -0.276422 -0.139826 1.46065 -2.38091 -0.920464 -2.84937 0.078163 -0.0398284 0.981136 -3.10738 0.482555 1.68569 0.354585 0.099998 -0.479517 -0.726475 1.40302 4.53505 0.604704 132.967
1433 -0.346903 0.145841 1.45698 -2.09855 -0.896167 3.06056 0.0738655 -0.0590419 0.96657 -3.12285 0.409379 1.68781 0.420768 -0.204883 -0.490409 -1.02431 1.30555 -1.37275 0.677882 125.12
1433.07 -0.343743 0.167291 1.45421 -2.08676 -0.894224 3.02304 0.0800655 -0.0666727 0.96886 -3.12019 0.373823 1.72079 0.423808 -0.233964 -0.485349 -1.03343 1.26805 -1.30224 0.685504 122.613
1433.12 -0.339944 0.188536 1.45135 -2.07521 -0.892006 2.98587 0.0839607 -0.0783547 0.963944 -3.09432 0.398518 1.73283 0.423905 -0.266891 -0.487407 -1.01911 1.29052 -1.25305 0.698922 120.644
1433.2 -0.343999 0.211939 1.44491 -2.05698 -0.8841 2.95639 0.0858019 -0.101142 0.949417 -3.07481 0.409276 1.76151 0.429801 -0.313081 -0.495494 -1.01783 1.29338 -1.19488 0.726817 118.438
1433.25 -0.335497 0.260083 1.42723 -2.00461 -0.87365 2.90849 0.0864064 -0.119759 0.943425 -3.0808 0.326438 1.7542 0.421903 -0.379843 -0.483802 -1.07619 1.20009 -1.15429 0.745887 117.559
1433.37 -0.326331 0.26684 1.42403 -1.9942 -0.874598 2.90101 0.0769059 -0.114869 0.937008 -3.08677 0.255021 1.74663 0.403237 -0.381709 -0.487027 -1.09257 1.12962 -1.15437 0.738578 117.549
1433.41 -0.295775 0.284986 1.41668 -1.96088 -0.880774 2.89005 0.0599522 -0.0907071 0.931547 -3.09799 0.241275 1.73333 0.355728 -0.375693 -0.485128 -1.13711 1.12205 -1.15673 0.709251 119.345
1433.48 -0.289748 0.285367 1.41465 -1.9573 -0.882022 2.89045 0.0429257 -0.0594818 0.938326 -3.0956 0.208198 1.72027 0.332673 -0.344849 -0.476324 -1.1383 1.09022 -1.17018 0.675631 119.725
1433.54 -0.292898 0.252361 1.39912 -1.97576 -0.872067 2.92787 0.0258371 -0.0287386 0.926504 3.11989 0.270395 1.69309 0.318736 -0.281099 -0.472612 5.09565 1.14246 -1.23478 0.635588 123.599
1433.6 -0.292898 0.252361 1.39912 -1.97576 -0.872067 2.92787 0.0103526 0.012419 0.931007 3.07751 0.227441 1.68074 0.303251 -0.239942 -0.468109 5.05326 1.09951 -1.24713 0.607174 125.398
1433.68 -0.281222 0.236121 1.39317 -1.98399 -0.874964 2.94299 -0.00836263 0.0660876 0.935372 3.03814 0.246463 1.67062 0.272859 -0.170033 -0.457798 5.02213 1.12143 -1.27236 0.559412 127.544
1433.75 -0.275553 0.227977 1.3901 -1.98808 -0.876356 2.95046 -0.0208081 0.0984367 0.927951 3.01244 0.366032 1.66068 0.254745 -0.12954 -0.462152 5.00052 1.24239 -1.28978 0.543379 129.069
1433.87 -0.282222 0.161826 1.37685 -2.04278 -0.869495 3.02453 -0.0348294 0.138131 0.928217 2.9793 0.422713 1.67496 0.247392 -0.0236948 -0.44863 5.02209 1.29221 -1.34957 0.512868 130.083
1433.93 -0.282222 0.161826 1.37685 -2.04278 -0.869495 3.02453 -0.0442799 0.155761 0.925639 2.976 0.396345 1.6631 0.237942 -0.00606424 -0.451209 5.01879 1.26584 -1.36143 0.51014 130.541
1433.99 -0.340851 -0.0418901 1.33412 -2.21863 -0.816167 -3.04127 -0.0507796 0.172067 0.921387 2.93962 0.422273 1.65895 0.290071 0.213957 -0.412732 5.15825 1.23844 4.70021 0.547966 131.603
1434.08 -0.360261 -0.244741 1.26984 -2.3626 -0.750355 -2.83807 -0.0558082 0.188683 0.918525 2.90208 0.391376 1.64339 0.304453 0.433424 -0.351311 5.26468 1.14173 4.48146 0.635584 134.345
1434.14 -0.339431 -0.364371 1.22631 -2.43305 -0.712653 -2.71673 -0.0604707 0.204215 0.914463 2.90163 0.451511 1.63198 0.278961 0.568585 -0.311844 5.33468 1.16416 4.34871 0.705943 136.22
1434.2 -0.331114 -0.444561 1.18863 -2.49459 -0.68155 -2.66058 -0.0603946 0.217564 0.910309 2.84925 0.450081 1.62459 0.270719 0.662125 -0.278323 5.34384 1.13163 4.28517 0.767569 137.383
1434.27 -0.331114 -0.444561 1.18863 -2.49459 -0.68155 -2.66058 -0.0568861 0.224489 0.907322 2.8545 0.508023 1.60371 0.274228 0.669049 -0.28131 5.34909 1.18957 4.26429 0.775863 137.718
1434.33 -0.321315 -0.62694 1.06335 -2.63533 -0.586428 -2.54549 -0.0530858 0.230061 0.912435 2.87062 0.465144 1.62833 0.268229 0.857001 -0.150912 5.50595 1.05157 4.17381 0.910589 135.946
1434.39 -0.301296 -0.692451 0.996917 -2.6838 -0.538269 -2.48776 -0.0488012 0.232583 0.909178 2.87304 0.4643 1.61031 0.252494 0.925034 -0.0877395 5.55684 1.00257 4.09807 0.962881 137.11
1435.07 -0.0797337 -0.822844 0.545835 -3.02519 -0.20441 -2.16361 0.0299653 0.0337319 0.915603 3.04629 0.451558 1.66039 0.109699 0.856576 0.369768 6.07147 0.655968 3.824 0.939406 141.792
1435.58 -0.238302 -0.734956 0.596095 -3.01127 -0.233403 -2.342 0.0842224 -0.236295 0.855139 3.10359 0.0860388 1.68733 0.322525 0.49866 0.259044 6.11487 0.319442 4.02933 0.647911 130.724
1436.14 -0.235534 -0.736368 0.63877 -2.97355 -0.206391 -2.28571 0.0791458 -0.215187 0.826897 2.9167 -0.0380598 1.66568 0.31468 0.521181 0.188128 5.89025 0.168331 3.95139 0.637217 137.418
1436.2 -0.235534 -0.736368 0.63877 -2.97355 -0.206391 -2.28571 0.0736824 -0.160377 0.847555 2.93546 0.0273234 1.65718 0.309217 0.575991 0.208785 5.90901 0.233714 3.94289 0.686274 137.15
1436.25 -0.225835 -0.740345 0.639461 -2.9739 -0.203638 -2.27149 0.0636587 -0.0884504 0.874805 2.95333 0.0662815 1.65087 0.289494 0.651895 0.235344 5.92722 0.269919 3.92236 0.751106 137.813
1436.38 -0.225835 -0.740345 0.639461 -2.9739 -0.203638 -2.27149 0.0443168 0.0853584 0.893724 2.85749 0.210139 1.60499 0.270152 0.825704 0.254262 5.83139 0.413777 3.87647 0.905217 139.842
1436.6 -0.119896 -0.738437 0.701864 -2.90614 -0.213518 -2.11276 0.039215 0.250661 0.887901 2.83227 0.395946 1.54383 0.159111 0.989099 0.186037 5.73841 0.609464 3.65659 1.01894 150.136
1437.33 0.231623 -0.56775 0.670044 -2.83746 -0.151914 -1.82574 0.0549673 0.314968 0.943729 3.07696 0.794282 1.55888 -0.176656 0.882718 0.273685 5.91442 0.946196 3.38462 0.940904 161.177
1437.39 0.249234 -0.552191 0.66903 -2.83521 -0.149821 -1.80409 0.0563665 0.259237 0.952856 3.05192 0.763475 1.55766 -0.192867 0.811428 0.283827 5.88713 0.913296 3.36175 0.881005 162.081
1437.46 0.287335 -0.514615 0.667057 -2.82984 -0.145222 -1.7544 0.0579941 0.201002 0.96117 3.07971 0.72553 1.56487 -0.229341 0.715617 0.294113 5.90955 0.870753 3.31927 0.806975 164.833
1437.53 0.310147 -0.490415 0.659312 -2.8366 -0.145851 -1.72248 0.0603124 0.143324 0.971543 3.06988 0.62575 1.57597 -0.249835 0.63374 0.312231 5.90648 0.771601 3.29845 0.749354 166.716
1437.6 0.336039 -0.457068 0.643302 -2.85082 -0.14899 -1.68073 0.0635265 0.0890197 0.959712 3.08778 0.568294 1.59061 -0.272512 0.546087 0.316411 5.9386 0.717283 3.27133 0.687452 169.05
1437.67 0.352451 -0.43876 0.633325 -2.86101 -0.153257 -1.65305 0.0651119 0.042266 0.948229 3.10656 0.5216 1.61742 -0.287339 0.481026 0.314904 5.96757 0.674856 3.27048 0.64274 169.819
1437.75 0.380861 -0.401085 0.605257 -2.88573 -0.165469 -1.60002 0.0674109 -0.00181592 0.941609 3.10187 0.472486 1.62133 -0.31345 0.399269 0.336352 5.9876 0.637955 3.22135 0.608933 173.127
1437.81 0.408851 -0.355416 0.547197 -2.93576 -0.181917 -1.53887 0.0697464 -0.0465568 0.936822 3.11307 0.436101 1.62584 -0.339105 0.308859 0.389625 6.04883 0.618019 3.16472 0.601825 177.048
1437.85 0.41994 -0.328607 0.525827 -2.95948 -0.200007 -1.5077 0.0727963 -0.0954288 0.93176 3.12483 0.400342 1.63059 -0.347144 0.233178 0.405933 6.08431 0.60035 3.13828 0.582806 179.043
1437.95 0.490738 -0.237013 0.461827 -3.07936 -0.2263 -1.32357 0.0747644 -0.144071 0.908815 3.12783 0.37565 1.64197 -0.415973 0.0929424 0.446988 6.20719 0.60195 2.96555 0.617633 170.699
1438.45 0.503597 0.0346793 0.448964 2.99184 -0.395224 -0.896047 0.0888082 -0.244662 0.846934 2.96734 -0.179426 1.61446 -0.414789 -0.279341 0.39797 -0.0244947 0.215798 2.51051 0.63911 143.664
1438.54 0.501595 0.108432 0.436765 2.9064 -0.461144 -0.816574 0.0677044 -0.167702 0.877459 2.97517 -0.105004 1.59753 -0.433891 -0.276134 0.440695 0.0687716 0.35614 2.4141 0.677291 140.128
1438.6 0.501595 0.108432 0.436765 2.9064 -0.461144 -0.816574 0.0516312 -0.0887826 0.899996 2.96676 0.0564423 1.5737 -0.449964 -0.197215 0.463231 0.0603576 0.517586 2.39027 0.675237 139.164
1438.65 0.497065 0.193043 0.398667 2.80495 -0.488778 -0.687083 0.0485133 -0.021171 0.912012 2.96405 0.168037 1.54295 -0.448552 -0.214214 0.513345 0.159104 0.656815 2.23003 0.71457 132.352
1438.71 0.494702 0.210411 0.387053 2.78619 -0.48356 -0.654566 0.0487955 0.0435892 0.923273 2.93551 0.204402 1.52552 -0.445906 -0.166822 0.53622 0.149319 0.687962 2.18009 0.717073 129.706
1438.78 0.484742 0.262912 0.344832 2.72354 -0.453071 -0.557157 0.0476872 0.117524 0.931276 2.91596 0.262959 1.5015 -0.437055 -0.145387 0.586445 0.192419 0.71603 2.05865 0.745702 123.584
1438.92 0.466358 0.308729 0.310907 2.71103 -0.394878 -0.49411 0.0474197 0.262376 0.89263 2.84979 0.370019 1.50834 -0.418938 -0.0463533 0.581723 0.138765 0.764897 2.00245 0.718373 120.214
1439.79 0.243403 0.568479 0.10366 2.92301 -0.144983 -0.50526 0.0689397 0.299358 0.941405 3.12955 0.893488 1.53312 -0.174464 -0.269121 0.837745 0.206538 1.03847 2.03838 0.89704 122.02
1439.99 0.244725 0.665508 0.0352129 2.90833 -0.20777 -0.536003 0.0477139 0.0451469 0.956532 3.09896 0.68874 1.51386 -0.197011 -0.620361 0.921319 0.190626 0.896509 2.04986 1.12805 121.96
1440.27 0.26086 0.848964 -0.0864668 2.87729 -0.333391 -0.530923 0.0787839 -0.243209 0.88995 3.07826 0.378254 1.54909 -0.182076 -1.09217 0.976417 0.200972 0.711644 2.08001 1.47627 123.404
