1312.2 0.0023942 0.251645 0.689663 2.92763 -0.124256 -0.522173 -0.119365 0.240863 0.821618 3.08397 -0.151453 1.33814 -0.121759 -0.0107824 0.131955 0.156342 -0.0271975 1.86032 0.179871 108.08
1312.25 0.00985272 0.210299 0.695984 2.96929 -0.0786484 -0.491172 -0.108619 0.185979 0.830287 3.08809 -0.197204 1.36604 -0.118471 -0.0243197 0.134302 0.118795 -0.118555 1.85721 0.180732 107.642
1312.32 0.0225114 0.193041 0.699293 2.98169 -0.0431425 -0.467489 -0.0878687 0.149009 0.834775 -3.0621 -0.0734738 1.34992 -0.11038 -0.0440318 0.135482 -6.04379 -0.0303312 1.81741 0.180216 105.569
1312.4 0.0430697 0.172766 0.702719 2.99095 0.00596939 -0.422086 -0.0637733 0.132402 0.845218 -3.0744 -0.0877052 1.39128 -0.106843 -0.0403642 0.142499 -6.06535 -0.0936746 1.81336 0.182621 105.032
1312.46 0.0507079 0.169271 0.702748 2.98986 0.0220119 -0.411578 -0.0485965 0.116965 0.845592 -3.04528 -0.0560241 1.41107 -0.0993044 -0.0523062 0.142843 -6.03514 -0.078036 1.82265 0.181663 105.417
1312.52 0.0606961 0.166288 0.70241 2.98317 0.0438709 -0.399455 -0.0287512 0.111848 0.84755 -2.97189 -0.0184474 1.41961 -0.0894473 -0.0544394 0.14514 -5.95506 -0.0623183 1.81907 0.17897 105.224
1312.6 0.0670777 0.167269 0.703088 2.97315 0.0582528 -0.396794 -0.0072921 0.112377 0.840492 2.84495 0.299731 1.41002 -0.0743698 -0.0548919 0.137405 -0.128193 0.241478 1.80681 0.165602 105.656
1312.68 0.0747395 0.162552 0.704043 2.9709 0.0740837 -0.390084 0.00595097 0.112895 0.862924 2.95263 0.330024 1.43992 -0.0687886 -0.0496571 0.158881 -0.0182683 0.255941 1.83 0.180113 105.783
1312.73 0.0734125 0.14464 0.707853 2.98836 0.0853535 -0.372511 0.00828003 0.0979002 0.87168 2.81941 0.317959 1.42197 -0.0651325 -0.0467403 0.163828 -0.168956 0.232606 1.79448 0.182391 105.666
1312.8 0.062706 0.112462 0.711383 3.02461 0.0849776 -0.351549 0.00411429 0.0786102 0.883935 2.78738 0.292716 1.41903 -0.0585917 -0.0338521 0.172552 -0.237238 0.207738 1.77058 0.185346 105.106
1312.86 0.0494565 0.0749721 0.711798 3.06844 0.0831629 -0.338084 -0.0118984 0.0381408 0.911039 2.87025 0.326192 1.4434 -0.0613549 -0.0368313 0.19924 -0.19819 0.243029 1.78149 0.211702 105.47
1312.94 0.0384356 -0.00147459 0.706038 -3.13312 0.0995452 -0.332061 -0.0333524 -0.0276922 0.917299 2.80745 0.277885 1.41995 -0.071788 -0.0262176 0.211261 5.94057 0.17834 1.75201 0.22466 105.718
1320.86 -0.569984 0.521539 0.862879 3.0554 0.00943097 -0.612658 -0.0259121 0.0519086 0.82552 2.54637 0.21633 1.13372 0.544072 -0.46963 -0.0373591 -0.509031 0.206899 1.74638 0.719696 106.742
1320.93 -0.552916 0.538225 0.876726 3.04686 0.0251744 -0.617932 -0.00597156 0.0615154 0.827853 2.56312 0.247221 1.11605 0.546944 -0.47671 -0.0488736 -0.483735 0.222046 1.73398 0.727179 106.314
1325.01 -1.03319 1.65945 0.739579 2.94588 -0.0919457 -0.496316 -0.0492389 0.186343 0.778696 2.87225 0.734592 1.23703 0.983949 -1.47311 0.0391172 -0.0736295 0.826538 1.73335 1.77193 108.591
1325.07 -1.05215 1.56146 0.946721 3.0703 -0.0272547 -0.500189 -0.0548008 0.0970982 0.794443 2.895 0.647167 1.25727 0.997351 -1.46436 -0.152278 -0.175302 0.674422 1.75746 1.77827 109.194
1325.15 -1.06611 1.39802 1.19204 -3.04715 0.0531617 -0.503292 -0.0610215 -0.00457205 0.796163 2.88291 0.549912 1.25948 1.00509 -1.40259 -0.39588 5.93006 0.49675 1.76277 1.77036 110.956
1325.19 -1.07379 1.33482 1.26833 -2.98858 0.0797187 -0.501667 -0.0685597 -0.103465 0.774881 2.8897 0.47764 1.27485 1.00523 -1.43828 -0.493449 5.87829 0.397921 1.77652 1.82281 111.505
1325.26 -1.08323 1.24425 1.36786 -2.91366 0.117255 -0.494717 -0.0800558 -0.194368 0.772496 2.80416 0.149182 1.22737 1.00317 -1.43862 -0.595368 5.71782 0.0319275 1.72209 1.85214 106.603
1329.13 -3.03001 1.3408 2.92886 2.755 0.87508 0.30423 0.375743 -0.14783 1.23425 -2.24282 0.0548654 2.43193 3.40575 -1.48863 -1.69461 -4.99783 -0.820214 2.1277 4.08495 107.492
1329.22 -3.31758 1.26663 2.66171 2.77117 0.793332 0.299227 0.299429 -0.213424 1.16386 -2.23976 0.0575165 2.43589 3.61701 -1.48005 -1.49784 -5.01093 -0.735816 2.13667 4.18531 109.613
