63.3086 -0.0719262 0.340822 2.23455 2.54921 -0.650521 3.01992 -0.0272436 0.35586 2.23966 -2.21523 0.754627 -3.06058 0.0446827 0.0150382 0.00511018 -4.76443 1.40515 -6.08049 0.0474215 112.676
68.8839 -0.198798 0.654699 2.15574 2.33143 -0.240253 -2.03955 -0.230805 0.682766 2.20739 2.28801 -0.232729 -1.9781 -0.0320077 0.028067 0.051652 -0.0434177 0.00752385 0.0614474 0.0669342 3.8293
70.3434 -0.17832 0.659035 2.15651 2.58722 -0.300432 -2.89219 -0.224851 0.699783 2.21037 -1.86312 0.2342 -2.67802 -0.046531 0.040748 0.053853 -4.45034 0.534632 0.214165 0.0820102 108.976
72.0269 -0.139904 0.426031 2.1996 2.79563 -0.0698533 2.58618 -0.172419 0.4761 2.32248 2.79067 -0.0600065 2.62407 -0.0325149 0.050069 0.122881 -0.00496885 0.00984678 0.0378844 0.136616 2.24298
73.1305 -0.252992 0.411138 2.1945 2.71568 0.0921183 2.63446 -0.297443 0.461046 2.36534 2.79312 0.141739 2.62473 -0.0444509 0.0499086 0.170837 0.0774456 0.0496212 -0.00972574 0.183445 5.35313
74.1789 -0.339761 0.505101 2.17414 2.61067 0.304388 3.09241 -0.390907 0.546555 2.33735 2.65697 0.317873 3.03128 -0.0511455 0.0414542 0.163206 0.0463027 0.0134852 -0.0611237 0.175985 5.05827
75.6153 -0.480127 0.538077 2.14167 2.62584 0.454854 -2.54516 -0.508617 0.565718 2.16415 2.53231 0.417471 -2.64331 -0.0284897 0.0276413 0.0224753 -0.0935306 -0.0373828 -0.0981437 0.0456162 6.27991
77.1781 -0.418436 0.417178 2.17534 2.61692 0.295174 -1.72991 -0.480437 0.459644 2.27354 -2.05158 -0.457946 -1.96196 -0.0620008 0.042466 0.0981921 -4.6685 -0.753119 -0.232053 0.123649 99.6008
79.4866 -0.379586 0.45481 2.16807 2.83518 -0.683401 -2.47787 -0.433882 0.497948 2.27097 2.81898 -0.677771 -2.43092 -0.0542962 0.0431372 0.102907 -0.0162078 0.00562925 0.0469533 0.124092 2.24942
80.5586 -0.281572 0.338175 2.17115 -2.97689 -0.726758 2.96664 -0.340437 0.392448 2.2631 -2.97139 -0.78614 3.00242 -0.0588657 0.0542731 0.0919471 0.00549755 -0.0593822 0.0357813 0.121922 4.09433
80.7313 -0.267959 0.299316 2.17598 -2.94665 -0.70166 2.88254 -0.32544 0.35628 2.30394 -2.96923 -0.736756 2.93089 -0.0574805 0.0569639 0.127963 -0.0225736 -0.0350959 0.0483502 0.151405 2.94424
80.9573 -0.263606 0.251095 2.18078 -2.93425 -0.661108 2.80626 -0.310302 0.303989 2.27407 -2.93126 -0.69279 2.83201 -0.0466969 0.052894 0.0932951 0.00298692 -0.0316821 0.0257461 0.116972 2.41184
81.1453 -0.266985 0.231086 2.18236 -2.93749 -0.638812 2.78014 -0.315087 0.269636 2.29449 -2.89787 -0.654858 2.75784 -0.0481015 0.0385504 0.112126 0.0396233 -0.0160463 -0.0222988 0.127954 2.03355
81.8774 -0.343677 0.183501 2.18127 -3.08951 -0.454179 2.79033 -0.387925 0.208951 2.29868 -3.08915 -0.489038 2.80234 -0.0442477 0.0254497 0.117404 0.00035726 -0.0348589 0.0120081 0.12802 2.11563
82.036 -0.357369 0.191487 2.18151 -3.14016 -0.410215 2.82654 -0.405968 0.216987 2.29866 -3.11891 -0.404547 2.82268 -0.0485989 0.0254998 0.117148 0.0212538 0.00566851 -0.00385804 0.129367 1.19321
82.2093 -0.368186 0.204023 2.1825 3.08853 -0.363397 2.87279 -0.419554 0.22881 2.2963 3.13044 -0.312599 2.84131 -0.0513685 0.0247875 0.113797 0.0419143 0.0507975 -0.03148 0.12729 3.82305
82.4111 -0.380713 0.225276 2.1847 3.0107 -0.293815 2.94921 -0.430816 0.24704 2.29762 3.06328 -0.285132 2.89796 -0.0501028 0.0217644 0.112923 0.0525851 0.00868309 -0.0512517 0.125442 3.59096
82.7877 -0.399378 0.255156 2.19003 2.8851 -0.169863 3.09198 -0.445411 0.277714 2.27223 -2.67169 0.641163 -3.11265 -0.0460338 0.0225579 0.0822064 -5.55679 0.811025 -6.20463 0.0968806 61.0177
82.9761 -0.412179 0.272091 2.19428 2.80065 -0.0726463 -3.08102 -0.468795 0.301187 2.32743 2.83775 -0.0379915 3.13666 -0.0566164 0.0290955 0.133153 0.0370969 0.0346548 6.21768 0.147587 4.65421
83.35 -0.427746 0.294349 2.20232 2.66263 0.122144 -2.86829 -0.469751 0.316069 2.25871 2.64365 0.0412901 -2.93685 -0.0420052 0.0217197 0.0563899 -0.0189759 -0.0808535 -0.0685612 0.0735935 6.11286
83.7356 -0.43108 0.297585 2.20937 2.55958 0.304541 -2.67699 -0.491888 0.334335 2.33099 2.58681 0.213517 -2.73411 -0.0608079 0.0367506 0.121618 0.0272277 -0.091024 -0.0571221 0.140851 6.55371
83.9501 -0.428813 0.289904 2.21347 2.50014 0.428693 -2.55156 -0.479209 0.322455 2.27572 2.46867 0.364485 -2.64129 -0.050396 0.0325508 0.0622541 -0.0314652 -0.0642087 -0.0897298 0.0864574 6.00348
97.9916 -0.167631 0.235512 2.2687 2.17843 -0.285955 3.14078 -0.216309 0.28645 2.50025 2.20043 -0.30166 3.10597 -0.0486782 0.0509388 0.23155 0.0220023 -0.0157057 -0.0348131 0.242033 2.21823
101.096 -0.139309 0.25656 2.2661 2.34674 -0.224598 -2.66361 -0.183114 0.273627 2.32624 2.28535 -0.241514 -2.71263 -0.0438047 0.017067 0.0601452 -0.0613853 -0.0169168 -0.0490241 0.0763386 5.07543
102.348 -0.0992821 0.293212 2.25936 2.40783 -0.111328 -2.3307 -0.149615 0.325018 2.39076 2.38302 -0.138619 -2.37582 -0.0503332 0.031806 0.131397 -0.0248112 -0.0272908 -0.0451154 0.144258 3.47322
103.144 -0.0583919 0.319763 2.25318 2.42012 -0.100949 -2.15905 -0.103845 0.358391 2.41891 2.40685 -0.105627 -2.20145 -0.0454534 0.0386284 0.165723 -0.0132684 -0.00467784 -0.0424009 0.176131 2.63299
103.892 -0.000235806 0.368119 2.24446 2.38224 -0.220572 -2.09033 -0.0344318 0.393334 2.29635 2.28198 -0.189459 -2.05168 -0.034196 0.0252149 0.051887 -0.100256 0.0311128 0.0386453 0.0670627 5.99087
104.065 0.000267478 0.37868 2.24275 2.37234 -0.270591 -2.10668 -0.0337513 0.417957 2.39137 2.34916 -0.241651 -2.0781 -0.0340188 0.0392764 0.148626 -0.0231729 0.0289401 0.0285791 0.157447 2.46815
105.321 -0.0588714 0.387296 2.234 2.43892 -0.679046 -2.54467 -0.0939208 0.427494 2.32946 2.36992 -0.627576 -2.47119 -0.0350494 0.0401989 0.0954547 -0.0690032 0.0514707 0.0734802 0.109344 4.66951
106.807 -0.000640358 0.265271 2.24127 2.64558 -0.812517 3.02401 -0.0326647 0.295109 2.31978 2.62341 -0.83268 3.04071 -0.0320243 0.0298377 0.0785087 -0.0221686 -0.0201629 0.016704 0.0898858 1.44293
113.835 -0.106653 0.300037 2.24746 2.46522 -0.580757 -2.9827 -0.147437 0.340941 2.40715 2.44241 -0.58602 -2.98242 -0.0407838 0.0409045 0.159688 -0.0228183 -0.00526303 0.000278524 0.169814 1.33325
113.999 -0.127018 0.308954 2.24407 2.49724 -0.54601 -2.98361 -0.170995 0.357979 2.47407 2.53553 -0.546054 -3.00708 -0.0439776 0.0490254 0.230003 0.0382889 -4.37991e-05 -0.0234681 0.239246 1.88596
114.18 -0.13701 0.317705 2.24194 2.51411 -0.517485 -2.9746 -0.175604 0.350971 2.34757 2.50826 -0.565447 -2.99261 -0.0385941 0.0332659 0.105629 -0.00585398 -0.0479616 -0.0180092 0.117276 3.01415
114.584 -0.149052 0.33449 2.23938 2.52862 -0.45287 -2.93329 -0.182397 0.360456 2.34254 2.50733 -0.504508 -2.93271 -0.0333454 0.0259653 0.10316 -0.0212944 -0.0516385 0.000583883 0.111481 3.19463
114.724 -0.152058 0.33694 2.23903 2.52895 -0.440307 -2.92367 -0.188841 0.367263 2.3337 2.51722 -0.459201 -2.93314 -0.0367832 0.0303236 0.0946755 -0.0117362 -0.018894 -0.00947498 0.106 1.49541
114.887 -0.164583 0.344667 2.23825 2.5248 -0.386725 -2.87913 -0.201224 0.377667 2.34758 2.46825 -0.358976 -2.86994 -0.0366412 0.0329998 0.109331 -0.0565514 0.0277496 0.00918777 0.119937 3.47277
115.044 -0.171626 0.348773 2.23834 2.51665 -0.34414 -2.83997 -0.210847 0.381619 2.34042 2.51396 -0.342855 -2.84225 -0.0392216 0.0328462 0.102076 -0.00268547 0.00128456 -0.00227823 0.114179 0.243893
115.255 -0.175589 0.350792 2.23881 2.5091 -0.315584 -2.81318 -0.219281 0.390851 2.36533 2.50818 -0.290751 -2.80727 -0.0436918 0.0400592 0.126528 -0.000911727 0.024833 0.00591772 0.139725 1.45992
115.604 -0.180031 0.354509 2.24074 2.47926 -0.224584 -2.72246 -0.22272 0.394335 2.38011 2.50113 -0.237691 -2.77218 -0.0426889 0.039826 0.139364 0.0218717 -0.0131065 -0.0497156 0.151099 2.93465
115.976 -0.187874 0.353757 2.24343 2.43573 -0.114521 -2.61623 -0.231423 0.399919 2.39488 2.44226 -0.175002 -2.67572 -0.0435484 0.046162 0.151446 0.00653144 -0.0604808 -0.0594886 0.164205 4.83675
116.139 -0.187879 0.353233 2.24391 2.42881 -0.0992016 -2.60132 -0.223696 0.378429 2.28395 2.3639 -0.0775762 -2.60372 -0.035817 0.0251952 0.0400376 -0.0649098 0.0216255 -0.00240262 0.0593352 3.93393
116.32 -0.184214 0.350934 2.2461 2.39911 -0.0414537 -2.54482 -0.2336 0.393195 2.38899 -2.04897 0.038325 -2.55407 -0.0493867 0.0422612 0.142887 -4.44807 0.0797787 -0.00925056 0.156977 105.214
116.667 -0.168571 0.346409 2.25018 2.3408 0.0448718 -2.46055 -0.215055 0.379069 2.33093 2.33243 0.0379194 -2.47518 -0.0464837 0.0326601 0.0807504 -0.00836936 -0.00695242 -0.0146322 0.0987322 1.0287
122.096 -0.154648 0.37355 2.22455 2.61743 -0.4632 3.11438 -0.186992 0.403705 2.34972 2.57012 -0.433508 3.09101 -0.0323448 0.0301555 0.12517 -0.0473098 0.0296919 -0.0233682 0.132752 3.89611
122.621 -0.184581 0.395384 2.21819 2.64731 -0.389422 -3.08637 -0.219046 0.429733 2.34071 2.66673 -0.430677 -3.11335 -0.0344644 0.0343491 0.122524 0.0194181 -0.0412551 -0.0269817 0.131832 2.80058
123.24 -0.228827 0.4164 2.21 2.67951 -0.293572 -2.95692 -0.261862 0.452273 2.33041 2.65879 -0.349529 -2.9948 -0.0330343 0.0358723 0.120412 -0.020721 -0.0559569 -0.0378809 0.129912 4.24575
124.301 -0.286678 0.433617 2.19856 2.73615 -0.16368 -2.72616 -0.316138 0.462271 2.25989 2.70769 -0.190105 -2.77027 -0.0294601 0.028654 0.0613332 -0.0284661 -0.0264242 -0.0441068 0.073829 3.5761
124.454 -0.295449 0.435645 2.19638 2.74998 -0.141758 -2.67586 -0.34002 0.47338 2.29458 2.69919 -0.128085 -2.69842 -0.0445705 0.0377345 0.0982062 -0.0507975 0.0136735 -0.0225601 0.114258 3.43034
124.903 -0.298146 0.437098 2.19273 2.79778 -0.0871149 -2.49767 -0.353385 0.481524 2.30988 2.80813 -0.0986763 -2.54456 -0.0552385 0.0444252 0.117156 0.010348 -0.0115613 -0.0468838 0.136932 2.77686
125.169 -0.287306 0.434463 2.19303 2.81606 -0.0735765 -2.42555 -0.341827 0.476421 2.30004 2.86788 -0.0957901 -2.45189 -0.0545209 0.0419581 0.107009 0.0518245 -0.0222135 -0.0263396 0.127216 3.45763
125.471 -0.260329 0.428387 2.19427 2.84512 -0.0612066 -2.31418 -0.327307 0.474642 2.311 2.86112 -0.0938666 -2.37929 -0.0669781 0.0462556 0.116733 0.0159992 -0.0326601 -0.0651129 0.14231 4.21054
126.109 -0.210816 0.422253 2.19458 2.89086 -0.0651837 -2.17393 -0.263317 0.467091 2.32037 -2.50711 -0.0976814 -2.17956 -0.0525012 0.0448384 0.125793 -5.39797 -0.0324977 -0.00562945 0.143494 50.726
127.573 -0.093033 0.422629 2.19043 2.99332 -0.178825 -2.10486 -0.132288 0.458883 2.27337 2.89444 -0.130796 -2.07508 -0.0392545 0.0362544 0.0829377 -0.0988737 0.0480289 0.0297805 0.0986609 6.29177
128.253 -0.0723811 0.418299 2.19066 3.03486 -0.250534 -2.21528 -0.111428 0.465428 2.32159 -2.8345 -0.0518807 -2.16721 -0.0390468 0.0471288 0.130927 -5.86936 0.198654 0.0480729 0.144526 26.7774
128.735 -0.061563 0.413627 2.1917 3.06321 -0.304076 -2.33292 -0.101648 0.463511 2.34765 3.13534 -0.2264 -2.30169 -0.0400846 0.0498845 0.155953 0.0721291 0.0776754 0.0312259 0.168572 6.62969
129.081 -0.0534745 0.40976 2.19209 3.10369 -0.368905 -2.51056 -0.0922953 0.455472 2.32747 -2.78697 0.211863 -2.41172 -0.0388208 0.0457114 0.13538 -5.89065 0.580768 0.0988359 0.148069 40.6173
129.351 -0.0372933 0.404997 2.19226 -3.13999 -0.425961 -2.69023 -0.0734602 0.439153 2.26449 3.1169 -0.440444 -2.66871 -0.0361668 0.0341564 0.0722308 6.25689 -0.0144824 0.0215194 0.087704 1.70846
129.511 -0.022084 0.399732 2.19253 -3.11132 -0.462244 -2.81736 -0.0634572 0.447353 2.33315 -3.08436 -0.498767 -2.80473 -0.0413732 0.0476208 0.140624 0.0269599 -0.0365239 0.012632 0.154125 2.88487
129.701 -0.0110391 0.389752 2.19297 -3.08027 -0.496396 -2.95335 -0.0441275 0.388527 2.0449 3.10265 -0.594075 -2.86601 -0.0330884 -0.00122477 -0.148065 6.18292 -0.0976785 0.0873435 0.151722 7.71195
129.814 -0.00529848 0.384372 2.19324 -3.06485 -0.512283 -3.02003 -0.0401474 0.42232 2.28026 -3.08874 -0.531282 -3.01903 -0.0348489 0.0379475 0.0870188 -0.0238858 -0.0189986 0.000992957 0.101127 1.72737
130.149 0.00665887 0.361359 2.1943 -3.01382 -0.564462 3.03712 -0.0265627 0.406024 2.31208 -3.05679 -0.525312 3.09815 -0.0332216 0.0446656 0.117781 -0.0429679 0.0391502 0.0610375 0.130273 3.79385
130.311 0.00653872 0.346051 2.19516 -2.99012 -0.59341 2.91987 -0.0255692 0.389921 2.31249 -2.97901 -0.553042 2.97759 -0.0321079 0.0438702 0.117335 0.0111196 0.0403684 0.0577131 0.129317 4.35586
130.458 0.00307244 0.334858 2.19578 -2.97604 -0.616119 2.84005 -0.0290657 0.382799 2.34928 -2.93685 -0.628554 2.86105 -0.0321381 0.0479412 0.153494 0.0391878 -0.0124355 0.0210009 0.163987 3.18531
131.481 -0.0897452 0.312049 2.19477 -3.00513 -0.818022 2.56543 -0.116555 0.345786 2.3137 -2.98371 -0.83093 2.57221 -0.0268094 0.0337369 0.118926 0.0214154 -0.0129075 0.0067737 0.126493 1.70364
135.667 0.0339482 0.540151 2.18824 2.47609 -0.665388 -2.06212 0.00260491 0.572586 2.23705 2.34302 -0.662048 -1.98307 -0.0313433 0.0324348 0.0488112 -0.13307 0.00333937 0.0790495 0.0664601 6.00955
136.062 0.0236374 0.535874 2.18187 2.66438 -0.673328 -2.219 -0.00332992 0.582591 2.28 2.56046 -0.661007 -2.13829 -0.0269673 0.0467169 0.0981266 -0.103921 0.0123213 0.0807128 0.111976 4.82174
136.498 0.00404792 0.523575 2.17669 2.8788 -0.657278 -2.42766 -0.0213001 0.576992 2.28558 2.83589 -0.781593 -2.41442 -0.0253481 0.0534174 0.108892 -0.0429074 -0.124315 0.0132442 0.123909 7.40836
137.063 -0.0126241 0.502419 2.16931 -3.13032 -0.587289 -2.72914 -0.0472314 0.555029 2.28554 3.11152 -0.610637 -2.68591 -0.0346074 0.0526094 0.116235 6.24184 -0.0233473 0.0432305 0.132197 2.63046
137.178 -0.0113789 0.496699 2.16773 -3.07561 -0.56503 -2.79475 -0.0444125 0.542617 2.27511 -2.73704 0.427914 -2.5637 -0.0330336 0.0459177 0.107382 0.338564 0.992945 0.231057 0.121369 61.4584
137.765 0.035074 0.456727 2.15848 -2.80223 -0.387254 3.11509 0.00414174 0.495728 2.24213 3.09948 0.34949 -3.0085 -0.0309322 0.039 0.0836563 5.90171 0.736744 -6.12358 0.0973457 48.0504
138.1 0.058258 0.439572 2.15452 -2.71382 -0.283135 2.96264 0.0263902 0.47989 2.25218 -2.64064 -0.252023 2.98442 -0.0318678 0.0403177 0.0976653 0.0731845 0.0311119 0.0217762 0.110361 5.00813
138.278 0.0630848 0.432818 2.15264 -2.67966 -0.227062 2.89197 0.034165 0.481608 2.28713 -3.11937 0.291676 3.04818 -0.0289198 0.0487895 0.134493 -0.439715 0.518739 0.156214 0.145963 39.9439
138.596 0.0569644 0.425425 2.15072 -2.64834 -0.153504 2.80963 0.0280258 0.472201 2.28 3.0533 0.178829 2.87208 -0.0289385 0.0467758 0.129279 5.70164 0.332332 0.0624578 0.140494 38.4429
138.912 0.0425345 0.423645 2.14887 -2.63333 -0.0953568 2.74915 0.0138939 0.463774 2.24882 3.05275 0.181689 2.82455 -0.0286405 0.0401291 0.0999589 5.68608 0.277046 0.0754019 0.111456 38.0216
139.267 0.0136309 0.427694 2.14729 -2.6367 -0.0684611 2.72816 -0.0111086 0.474227 2.28642 -2.67517 -0.0274647 2.7521 -0.0247394 0.0465327 0.139127 -0.0384728 0.0409964 0.0239414 0.148774 3.45933
139.6 -0.016214 0.437668 2.14516 -2.64998 -0.0719057 2.74391 -0.046002 0.473627 2.23178 -2.6706 -0.108646 2.71266 -0.029788 0.0359589 0.0866149 -0.0206187 -0.0367399 -0.0312554 0.0983997 3.06835
139.931 -0.0476317 0.454299 2.1423 -2.67061 -0.0997314 2.79099 -0.0823302 0.493784 2.23922 -2.67511 -0.107188 2.79106 -0.0346986 0.0394848 0.0969179 -0.00450837 -0.00745648 6.64155e-05 0.110255 0.498893
140.089 -0.0655095 0.46835 2.14036 -2.68843 -0.131896 2.83961 -0.0952174 0.494336 2.18377 2.90793 0.235755 2.89921 -0.029708 0.0259854 0.043417 5.59636 0.367651 0.0596044 0.0586757 44.7193
140.197 -0.0793616 0.479653 2.13896 -2.70469 -0.160742 2.88446 -0.115967 0.532741 2.29237 -3.06949 0.340515 3.01106 -0.0366058 0.0530873 0.153409 -0.364799 0.501257 0.126604 0.166411 36.4821
140.376 -0.0972137 0.494363 2.13772 -2.73178 -0.207903 2.95674 -0.130765 0.535053 2.24802 -2.76638 -0.150069 2.92889 -0.0335514 0.0406903 0.110302 -0.0346051 0.057834 -0.0278542 0.122262 4.31084
140.554 -0.1082 0.504189 2.13755 -2.75627 -0.247858 3.0185 -0.141632 0.538579 2.20944 -3.06688 0.413476 -3.14001 -0.0334321 0.0343898 0.0718882 -0.310612 0.661335 -6.15851 0.0864192 42.5562
140.794 -0.118326 0.512359 2.13814 -2.78485 -0.289678 3.08611 -0.158794 0.561877 2.26922 -2.72054 -0.266335 3.04811 -0.0404679 0.0495186 0.131081 0.0643159 0.0233431 -0.037993 0.145849 3.9625
141.007 -0.130087 0.518675 2.13928 -2.81843 -0.333327 -3.12247 -0.172683 0.573104 2.28221 -2.79656 -0.326842 3.13416 -0.0425964 0.0544292 0.142935 0.0218645 0.00648567 6.25663 0.158768 1.66953
141.415 -0.162206 0.5264 2.14326 -2.91154 -0.432835 -2.9285 -0.197907 0.564792 2.21823 -2.89085 -0.396704 -2.95857 -0.0357015 0.0383914 0.0749727 0.020682 0.0361315 -0.030065 0.0914844 2.64797
141.609 -0.172903 0.527767 2.14536 -2.9554 -0.474154 -2.83996 -0.214033 0.576188 2.25516 -2.97287 -0.46688 -2.85143 -0.0411298 0.0484208 0.109807 -0.0174664 0.00727372 -0.0114721 0.126861 1.48438
141.844 -0.178441 0.530501 2.14799 -3.01511 -0.529383 -2.72078 -0.21887 0.57169 2.23388 -2.98957 -0.570361 -2.77738 -0.0404296 0.0411889 0.0858938 0.0255453 -0.0409778 -0.0565993 0.103483 3.63421
142.016 -0.174989 0.532229 2.15009 -3.06061 -0.570698 -2.6325 -0.22411 0.589137 2.29809 -3.00663 -0.507531 -2.662 -0.0491215 0.0569081 0.148002 0.0539834 0.0631666 -0.0295053 0.166 4.48873
142.375 -0.147157 0.535359 2.15456 3.13254 -0.652115 -2.46454 -0.192375 0.586075 2.27841 3.10158 -0.623317 -2.44294 -0.045218 0.0507159 0.123857 -0.0309635 0.0287981 0.0216048 0.141271 2.18785
142.564 -0.119822 0.538139 2.15653 3.07783 -0.704781 -2.36545 -0.171625 0.599106 2.32135 -3.11468 -0.675319 -2.40626 -0.0518032 0.0609672 0.164826 -6.19251 0.0294614 -0.0408179 0.183216 4.45395
142.75 -0.0969021 0.540172 2.15739 3.04158 -0.743876 -2.3005 -0.142199 0.58929 2.27169 2.98641 -0.687322 -2.29247 -0.0452969 0.0491178 0.114298 -0.0551706 0.0565547 0.00803289 0.132395 4.33495
143.137 -0.0482666 0.545342 2.15702 2.98946 -0.821494 -2.20439 -0.0848083 0.594039 2.26604 -2.64504 0.390372 -1.9963 -0.0365417 0.0486966 0.109024 -5.6345 1.21187 0.20809 0.124872 79.6829
143.531 -0.00302537 0.554663 2.15233 2.98149 -0.913621 -2.16674 -0.0406274 0.601721 2.2554 3.00599 -0.923141 -2.15806 -0.0376021 0.0470575 0.103068 0.0245043 -0.00951955 0.00868314 0.119379 1.90434
143.699 0.0186987 0.561014 2.14813 3.00866 -0.966921 -2.18886 -0.0194505 0.623372 2.31368 2.93136 -0.901724 -2.14211 -0.0381492 0.0623583 0.165555 -0.0773013 0.065197 0.0467555 0.180977 4.65286
143.907 0.0333062 0.569423 2.14261 3.06816 -1.0175 -2.25149 -0.0050364 0.601654 2.20467 3.04786 -1.0201 -2.21725 -0.0383426 0.0322307 0.0620606 -0.0203058 -0.0025975 0.0342393 0.0797526 1.15657
144.055 0.0392686 0.574081 2.1395 3.11075 -1.04078 -2.29901 0.00660576 0.61711 2.22567 3.13372 -1.06898 -2.28107 -0.0326628 0.0430292 0.0861742 0.0229687 -0.028196 0.0179417 0.101707 2.78418
144.528 0.0626248 0.603632 2.11944 -2.78467 -1.10892 -2.75387 0.0289229 0.668429 2.29835 -2.95931 -1.11834 -2.55761 -0.0337019 0.0647964 0.178911 -0.17464 -0.00941321 0.196258 0.193245 4.98696
144.857 0.0782261 0.621078 2.10759 -2.53576 -1.08088 -3.06471 0.0480082 0.693635 2.29866 -2.68381 -1.10912 -2.89193 -0.030218 0.072557 0.191075 -0.148051 -0.0282386 0.172782 0.206609 4.81939
145.529 0.128746 0.639569 2.08744 -2.23591 -0.908672 2.74601 0.0992963 0.705056 2.23305 -2.21216 -0.932453 2.74567 -0.0294496 0.0654873 0.14561 0.0237502 -0.0237808 -0.000338145 0.162352 1.91479
146.153 0.126885 0.632148 2.08363 -2.23225 -0.743024 2.55287 0.104692 0.685741 2.18394 -2.16893 -0.755199 2.50949 -0.022193 0.0535933 0.100309 0.0633122 -0.012175 -0.0433826 0.115873 2.74623
146.482 0.0827843 0.621241 2.08973 -2.30155 -0.696971 2.5292 0.0632732 0.678701 2.20438 -2.25117 -0.700838 2.48988 -0.0195111 0.0574602 0.11465 0.0503772 -0.00386686 -0.0393214 0.129719 2.25568
147.992 -0.233173 0.64722 2.10041 -2.85562 -0.778614 2.99139 -0.266758 0.700954 2.22581 -2.80321 -0.811695 2.91348 -0.033585 0.0537339 0.125403 0.0524006 -0.0330807 -0.0779149 0.140504 3.65934
148.157 -0.262428 0.657874 2.09802 -2.92427 -0.789372 3.08421 -0.306998 0.727971 2.26444 -2.89402 -0.741095 3.04835 -0.0445696 0.0700963 0.166421 0.0302553 0.0482774 -0.0358569 0.186 3.15294
149.298 -0.316904 0.672037 2.10669 2.92221 -0.789778 -2.4697 -0.359702 0.700952 2.12562 2.74845 -0.783732 -2.38206 -0.0427981 0.0289157 0.0189278 -0.173757 0.00604583 0.0876364 0.0550096 7.32274
149.424 -0.296959 0.667637 2.11135 2.89433 -0.784783 -2.40024 -0.349058 0.716472 2.19311 2.8425 -0.801705 -2.37141 -0.0520988 0.0488346 0.0817635 -0.0518296 -0.0169222 0.028835 0.108556 2.34418
149.964 -0.216211 0.652387 2.12316 2.87799 -0.76896 -2.24299 -0.275305 0.712265 2.24023 2.8687 -0.764189 -2.24621 -0.0590944 0.059878 0.117069 -0.00929039 0.00477072 -0.00321961 0.144162 0.726855
150.108 -0.197252 0.650244 2.12377 2.89962 -0.766172 -2.23121 -0.251682 0.708938 2.23895 2.82309 -0.735959 -2.20949 -0.0544302 0.0586935 0.115174 -0.0765297 0.0302127 0.0217149 0.140259 4.04022
150.288 -0.179228 0.649536 2.1233 2.93241 -0.763503 -2.23245 -0.228757 0.702669 2.22539 2.88731 -0.751811 -2.2086 -0.0495297 0.0531332 0.10209 -0.0450947 0.0116916 0.023851 0.125294 2.03432
150.597 -0.150939 0.648234 2.1202 3.02787 -0.755096 -2.27564 -0.193803 0.701864 2.22231 -2.41974 0.2819 -1.96008 -0.0428639 0.0536296 0.102109 -5.44761 1.037 0.31556 0.123043 79.4619
150.754 -0.13367 0.648668 2.11661 3.11055 -0.744804 -2.33175 -0.180847 0.705276 2.23002 -2.4732 0.279092 -2.0184 -0.0471769 0.0566075 0.113407 -5.58375 1.0239 0.313354 0.135245 74.3767
150.939 -0.121387 0.649726 2.11325 -3.10238 -0.732484 -2.38633 -0.166517 0.705755 2.2262 -3.0482 -0.760618 -2.35802 -0.0451295 0.056029 0.112947 0.0541827 -0.028134 0.0283106 0.133914 4.65892
151.114 -0.106994 0.650601 2.10842 -3.00146 -0.707241 -2.47272 -0.153601 0.701874 2.20776 -3.11053 -0.715285 -2.3902 -0.046607 0.0512731 0.0993362 -0.109069 -0.00804394 0.0825166 0.121115 4.79902
151.292 -0.0967939 0.651743 2.10454 -2.92328 -0.680542 -2.54394 -0.143045 0.718861 2.25504 -2.96432 -0.676809 -2.46114 -0.0462509 0.0671182 0.150501 -0.041037 0.00373322 0.082795 0.171157 3.75129
151.456 -0.0885753 0.651495 2.10077 -2.84531 -0.64609 -2.61973 -0.128691 0.702599 2.19516 -2.82543 -0.6919 -2.60317 -0.0401161 0.0511044 0.0943858 0.0198732 -0.04581 0.0165638 0.114585 3.22901
151.952 -0.0474892 0.64451 2.09104 -2.62374 -0.489617 -2.86416 -0.0900916 0.701575 2.19965 -2.99559 0.343215 -2.59215 -0.0426024 0.0570654 0.108609 -0.371851 0.832832 0.272006 0.129874 53.6684
152.097 -0.0301209 0.639076 2.08968 -2.5739 -0.43484 -2.93046 -0.0710545 0.694464 2.19368 -2.63302 -0.439835 -2.89118 -0.0409336 0.055388 0.103994 -0.0591118 -0.00499446 0.0392836 0.124732 3.18752
152.324 -0.00477768 0.627677 2.08859 -2.50829 -0.339412 -3.0329 -0.0532865 0.692594 2.21225 -2.53971 -0.416104 -2.98969 -0.0485088 0.0649176 0.123658 -0.0314248 -0.0766918 0.0432022 0.147847 5.03824
152.473 0.00409776 0.6222 2.08872 -2.48829 -0.300758 -3.07029 -0.0359002 0.684594 2.21447 -2.53731 -0.306377 -3.03592 -0.039998 0.0623946 0.125754 -0.0490164 -0.00561822 0.0343719 0.145969 2.9261
153.159 0.0274503 0.579577 2.09562 -2.43109 -0.0729994 3.01672 -0.00718488 0.582751 2.02264 -2.28879 -0.184392 2.99718 -0.0346352 0.00317421 -0.072983 0.142302 -0.111393 -0.01954 0.0808467 10.2979
158.598 -0.197009 0.553236 2.12032 -2.82985 -0.566184 -2.3724 -0.250163 0.593356 2.20438 -2.91551 0.326353 -2.11857 -0.0531538 0.0401199 0.0840604 -0.085657 0.892537 0.253831 0.107243 53.0765
158.762 -0.168965 0.559754 2.11976 -2.82013 -0.57506 -2.38994 -0.218918 0.603433 2.20978 -2.86734 0.238782 -2.14987 -0.0499534 0.0436786 0.0900185 -0.0472089 0.813842 0.240062 0.111832 48.4461
159.431 -0.0720219 0.586151 2.1137 -2.76553 -0.579072 -2.51924 -0.116996 0.609139 2.12808 -3.11717 0.300229 -2.29725 -0.0449736 0.0229876 0.0143823 -0.351643 0.8793 0.221995 0.0525158 54.7142
159.742 -0.0165904 0.602382 2.10826 -2.73184 -0.567454 -2.62171 -0.0823845 0.652892 2.24178 -2.74965 -0.575448 -2.57083 -0.0657941 0.0505094 0.133522 -0.0178129 -0.00799349 0.0508813 0.157189 2.55574
160.069 0.036885 0.621927 2.10067 -2.69511 -0.545254 -2.74633 -0.00493494 0.665475 2.18977 -2.68956 -0.549086 -2.75684 -0.04182 0.0435482 0.0891039 0.00555498 -0.00383155 -0.0105066 0.107633 0.558831
160.368 0.0901171 0.645501 2.09083 -2.65242 -0.503397 -2.91697 0.0583138 0.69824 2.1935 -2.63426 -0.442933 -2.89133 -0.0318033 0.0527385 0.102671 0.0181646 0.0604636 0.0256383 0.119725 4.07862
160.54 0.119582 0.659176 2.08504 -2.62935 -0.46867 -3.03645 0.0826718 0.699259 2.15534 -2.5871 -0.488173 -3.02077 -0.0369104 0.0400823 0.0703042 0.0422567 -0.0195027 0.0156784 0.0889475 3.14958
160.756 0.138584 0.666885 2.08166 -2.6166 -0.440969 -3.12616 0.108915 0.727664 2.20993 -2.67013 -0.389338 -3.06751 -0.0296696 0.0607795 0.128273 -0.0535302 0.0516313 0.0586518 0.145012 4.59662
161.604 0.174634 0.651133 2.08677 -2.62986 -0.309343 2.68954 0.157018 0.713232 2.18871 -3.01805 0.320478 2.94626 -0.017616 0.0620986 0.101939 -0.388195 0.629821 0.256729 0.120657 44.6161
162.363 0.103208 0.61 2.10432 -2.69625 -0.302259 2.51017 0.0860529 0.662989 2.19654 -2.6919 -0.350039 2.50392 -0.0171549 0.0529889 0.0922244 0.0043442 -0.0477804 -0.00624054 0.107738 2.76173
162.618 0.0640084 0.597138 2.10988 -2.72476 -0.316588 2.483 0.0535674 0.651939 2.20121 -2.77503 -0.310108 2.49824 -0.0104409 0.054801 0.0913276 -0.0502615 0.00648 0.015239 0.107018 2.76456
162.768 0.0425076 0.591275 2.11234 -2.7401 -0.32679 2.47622 0.0185834 0.641428 2.20529 -3.00056 0.619296 2.74661 -0.0239242 0.0501532 0.0929528 -0.260467 0.946086 0.270396 0.108296 58.6063
163.022 -0.0119947 0.580106 2.11704 -2.78063 -0.360446 2.47938 -0.0212954 0.623567 2.1826 -2.76678 -0.386044 2.45899 -0.00930068 0.0434614 0.0655653 0.0138545 -0.0255976 -0.0203991 0.0792099 1.86299
163.339 -0.0725329 0.575691 2.11981 -2.83354 -0.412818 2.52193 -0.093673 0.626295 2.22617 -2.79594 -0.392993 2.50997 -0.0211401 0.0506041 0.106357 0.0375998 0.0198251 -0.0119568 0.119664 2.28978
163.709 -0.124095 0.584165 2.11948 -2.89131 -0.47015 2.60625 -0.158034 0.631887 2.22853 -2.91673 -0.483683 2.61097 -0.0339398 0.0477214 0.109052 -0.0254192 -0.0135337 0.00472087 0.12378 1.55997
163.905 -0.154661 0.597401 2.11751 -2.93243 -0.506109 2.68415 -0.182851 0.640782 2.22236 -2.87163 -0.496929 2.63207 -0.0281902 0.043381 0.104843 0.0608065 0.00917931 -0.0520786 0.116913 3.36453
164.088 -0.175888 0.611249 2.11497 -2.96355 -0.530156 2.75246 -0.208678 0.656761 2.22482 -2.6009 0.815225 -3.1117 -0.0327902 0.0455122 0.109847 0.362657 1.34538 -5.86416 0.123341 81.4536
164.392 -0.206459 0.638316 2.1096 -3.01384 -0.563842 2.88084 -0.233853 0.676257 2.22721 -2.98321 -0.577216 2.79193 -0.0273946 0.0379418 0.117614 0.030629 -0.0133744 -0.0889067 0.126583 4.46739
164.971 -0.224187 0.669731 2.10738 -3.09182 -0.607252 3.11387 -0.265186 0.709055 2.17284 -3.05043 -0.625723 3.05392 -0.0409992 0.0393242 0.0654652 0.0413906 -0.0184709 -0.0599499 0.0866777 3.02012
165.784 -0.206746 0.677408 2.11275 3.12135 -0.630819 -2.92389 -0.257931 0.722157 2.18375 3.08136 -0.651949 -3.00356 -0.0511852 0.0447495 0.0709986 -0.0399882 -0.0211306 -0.0796677 0.0983018 6.32955
166.619 -0.154178 0.734534 2.0844 3.01902 -0.698372 -2.68021 -0.191251 0.768146 2.14205 3.03823 -0.751238 -2.72876 -0.037073 0.033612 0.0576531 0.0192148 -0.0528655 -0.0485498 0.0763417 3.74983
166.875 -0.149092 0.766353 2.05058 2.95674 -0.774588 -2.54813 -0.192384 0.796676 2.12107 -2.20483 0.414446 -2.17424 -0.0432911 0.0303236 0.070492 -5.16158 1.18903 0.373893 0.0881065 95.6186
167.272 -0.119781 0.775021 2.01993 2.90971 -0.890305 -2.42771 -0.164282 0.82967 2.10835 2.79448 -0.844954 -2.36396 -0.0445013 0.0546491 0.0884161 -0.11523 0.045352 0.0637473 0.113068 5.18399
167.507 -0.0802148 0.773053 1.99207 2.87451 -1.05607 -2.31718 -0.138627 0.83288 2.09313 -2.17822 0.34924 -1.89332 -0.0584119 0.0598272 0.101061 -5.05273 1.40531 0.423857 0.131166 110.884
167.761 -0.0541457 0.768501 1.97806 2.86375 -1.17531 -2.26067 -0.107466 0.815449 2.04522 2.71677 -1.08085 -2.17406 -0.0533204 0.046948 0.0671659 -0.146977 0.0944515 0.0866077 0.0977673 7.01431
