60.5603 -0.134447 0.419191 2.16802 2.26703 -0.209757 1.10614 -0.176802 0.497398 2.21571 2.13646 -0.201322 1.20958 -0.042355 0.0782074 0.0476898 -0.130573 0.00843432 0.103441 0.100919 8.55465
61.2413 -0.180248 0.386697 2.17411 2.44441 -0.228045 0.960178 -0.210998 0.433487 2.31852 -2.73179 0.418822 0.933691 -0.03075 0.0467896 0.144412 -5.17621 0.646867 -0.0264877 0.154886 72.6147
61.7427 -0.181755 0.389393 2.17895 2.58152 -0.264237 0.849402 -0.236484 0.439659 2.34647 2.53124 -0.270365 0.880005 -0.0547282 0.0502666 0.167519 -0.0502863 -0.0061276 0.0306028 0.18326 2.97151
62.0196 -0.174904 0.392457 2.18332 2.65783 -0.295157 0.789304 -0.222737 0.423151 2.25328 -3.06864 0.494194 0.675985 -0.047833 0.0306937 0.0699615 -5.72647 0.78935 -0.113319 0.0901372 55.5909
62.6121 -0.184501 0.411602 2.18446 2.75274 -0.358063 0.713256 -0.221052 0.439662 2.3032 2.68602 -0.368232 0.771433 -0.0365514 0.02806 0.11874 -0.0667198 -0.0101694 0.0581766 0.127367 4.12398
62.9173 -0.190225 0.444728 2.18242 2.82604 -0.430909 0.660188 -0.229508 0.462318 2.2528 2.8766 0.490901 0.403953 -0.0392831 0.0175894 0.0703776 0.0505656 0.92181 -0.256236 0.0824958 54.7717
63.1178 -0.191168 0.473536 2.1798 2.85807 -0.484085 0.642725 -0.228904 0.481528 2.23689 2.89263 0.567646 0.362783 -0.037736 0.00799173 0.0570878 0.0345612 1.05173 -0.279942 0.0688976 62.2143
63.6891 -0.185091 0.54534 2.17124 2.86239 -0.635347 0.687133 -0.238304 0.578852 2.3243 2.89703 -0.575003 0.625336 -0.0532132 0.0335119 0.15306 0.0346438 0.0603443 -0.0617977 0.165476 4.51961
64.0865 -0.170573 0.598302 2.16139 2.79486 -0.718257 0.799396 -0.227198 0.632678 2.3356 2.83252 -0.7209 0.702334 -0.0566245 0.0343767 0.174209 0.0376614 -0.00264287 -0.0970625 0.186378 4.44823
64.2771 -0.171336 0.651421 2.14574 2.71372 -0.755465 0.930438 -0.217821 0.675858 2.32266 2.72567 -0.708042 0.901371 -0.0464842 0.0244372 0.17692 0.0119488 0.0474237 -0.0290666 0.18455 3.01675
64.5293 -0.173685 0.683881 2.13484 2.64611 -0.772795 1.04963 -0.214529 0.704822 2.25623 2.7011 -0.758238 0.943982 -0.0408445 0.020941 0.121386 0.0549875 0.0145566 -0.105653 0.129775 4.56403
64.9617 -0.180558 0.731027 2.11596 2.48577 -0.775273 1.36634 -0.222688 0.775186 2.2487 2.54003 -0.80254 1.28046 -0.0421301 0.0441586 0.132748 0.0542568 -0.0272671 -0.0858786 0.146106 3.82131
65.2925 -0.185033 0.745786 2.10852 2.42272 -0.757633 1.50584 -0.228136 0.803054 2.26363 2.4097 -0.788643 1.42798 -0.043103 0.0572683 0.155111 -0.0130165 -0.0310097 -0.077857 0.170871 5.31581
70.1035 -0.214425 0.605182 2.1306 2.43054 -0.367427 1.99995 -0.263245 0.641505 2.21735 2.3599 -0.392296 2.11878 -0.0488198 0.0363234 0.0867569 -0.0706472 -0.0248687 0.118825 0.105969 6.65649
70.6311 -0.197725 0.630872 2.13132 2.59305 -0.349027 1.59419 -0.219564 0.604912 1.99744 2.45637 -0.430433 1.76607 -0.0218397 -0.0259594 -0.133883 -0.136682 -0.0814068 0.171886 0.138114 11.0107
71.3301 -0.182522 0.580392 2.14413 2.82604 -0.234016 1.02842 -0.225908 0.650358 2.25641 3.10517 0.518792 0.929731 -0.0433859 0.0699666 0.112285 0.279133 0.752808 -0.0986874 0.139232 46.4815
71.8714 -0.22618 0.496739 2.14873 2.9349 -0.103611 0.701307 -0.255454 0.5666 2.25956 2.84101 -0.202423 0.785347 -0.0292739 0.0698615 0.110827 -0.0938888 -0.0988111 0.0840398 0.134239 8.73028
72.2533 -0.283504 0.448196 2.14238 2.96293 -0.018881 0.558353 -0.300332 0.504624 2.21801 2.77295 0.115525 0.563541 -0.0168288 0.056428 0.0756251 -0.189986 0.134406 0.00518816 0.0958461 13.3424
73.6168 -0.393169 0.396361 2.11579 2.91826 0.149995 0.513244 -0.430587 0.432688 2.21047 3.05782 -0.19459 0.559496 -0.0374179 0.0363268 0.0946809 0.139556 -0.344586 0.0462515 0.108094 21.4707
73.7297 -0.398847 0.400547 2.11284 2.90457 0.168408 0.534696 -0.438481 0.426834 2.17696 2.87832 0.175771 0.491674 -0.0396338 0.0262869 0.064113 -0.0262529 0.00736258 -0.0430227 0.0798268 2.69195
75.9721 -0.513666 0.425519 2.08325 2.67684 0.364233 1.48724 -0.555827 0.465468 2.17452 -3.11655 0.102044 1.37643 -0.0421611 0.0399487 0.0912709 -5.79338 -0.26219 -0.110813 0.108184 33.6241
76.2357 -0.522059 0.41983 2.08319 2.66557 0.371224 1.61755 -0.532172 0.430395 2.01913 -2.83002 0.165939 1.46094 -0.0101133 0.0105647 -0.0640629 -5.49559 -0.205285 -0.156612 0.0657111 49.589
76.4604 -0.522962 0.408909 2.08602 2.65858 0.371621 1.74733 -0.574722 0.453494 2.14933 -3.11493 0.10187 1.68545 -0.0517597 0.0445847 0.0633114 -5.77352 -0.269751 -0.0618816 0.0931407 33.8729
78.2196 -0.176653 0.390057 2.15305 2.61201 0.0183041 2.52295 -0.255883 0.407465 2.24619 2.57108 0.110421 2.50203 -0.0792305 0.0174078 0.093145 -0.0409348 0.0921169 -0.0209242 0.123517 5.86749
78.9221 -0.135551 0.500561 2.14798 2.60821 -0.259591 2.44279 -0.167887 0.500451 2.21005 2.55823 -0.210889 2.5086 -0.0323361 -0.000109582 0.0620732 -0.0499845 0.0487015 0.0658053 0.0699908 5.01626
79.6924 -0.213334 0.657227 2.13042 2.74922 -0.535667 2.07275 -0.237058 0.662928 2.18858 2.69195 -0.541117 2.17487 -0.0237241 0.00570147 0.0581658 -0.0572702 -0.00545013 0.102111 0.0630762 5.03972
79.8786 -0.219909 0.677578 2.13144 2.81825 -0.592925 1.93631 -0.261527 0.714845 2.24255 -2.57343 1.20476 2.19582 -0.0416178 0.0372668 0.111114 -5.39168 1.79769 0.259506 0.124367 109.973
80.0988 -0.215623 0.680689 2.14002 2.93633 -0.656741 1.7261 -0.268394 0.741526 2.25915 2.84095 -0.631565 1.90912 -0.0527706 0.060837 0.119129 -0.0953785 0.0251762 0.183015 0.143797 8.54482
80.9237 -0.208887 0.604779 2.17555 -2.93541 -0.660413 1.01291 -0.245358 0.681253 2.26552 -3.05945 -0.727271 1.19464 -0.0364706 0.0764737 0.0899725 -0.124044 -0.0668575 0.181728 0.123586 8.87662
81.3652 -0.24342 0.533776 2.18713 -2.82891 -0.584891 0.765484 -0.271285 0.624438 2.3005 -2.84154 -0.593775 0.864115 -0.0278651 0.0906619 0.11337 -0.0126326 -0.00888402 0.0986309 0.147814 5.30762
81.5636 -0.264188 0.502084 2.18961 -2.81123 -0.551569 0.696643 -0.288628 0.589908 2.31096 -2.83952 -0.633421 0.763124 -0.02444 0.0878238 0.12135 -0.0282929 -0.0818514 0.066481 0.151777 5.67644
81.7794 -0.287975 0.471907 2.19015 -2.80851 -0.520138 0.648747 -0.31664 0.553567 2.32365 -2.7235 -0.544841 0.629271 -0.0286654 0.0816604 0.133501 0.0850187 -0.0247026 -0.0194753 0.1591 4.6321
82.3225 -0.36839 0.400106 2.18151 -2.88691 -0.427636 0.617623 -0.400526 0.462471 2.30985 -2.80646 -0.444631 0.574271 -0.0321359 0.0623651 0.128335 0.0804489 -0.0169945 -0.0433521 0.14626 4.32291
82.4993 -0.388302 0.385874 2.1772 -2.93084 -0.400846 0.64157 -0.430604 0.4452 2.32527 -2.94477 -0.425533 0.629413 -0.0423013 0.0593259 0.148069 -0.0139303 -0.0246862 -0.0121562 0.165025 1.88927
82.6871 -0.409417 0.372482 2.17109 -3.00047 -0.362378 0.693697 -0.439862 0.417577 2.25287 -2.91984 -0.380322 0.649528 -0.0304444 0.0450954 0.0817778 0.0806281 -0.0179445 -0.0441698 0.0982246 4.50711
82.8431 -0.420314 0.365806 2.16679 -3.05983 -0.329284 0.746852 -0.460824 0.409709 2.26392 -2.97387 -0.3404 0.696072 -0.0405096 0.0439029 0.0971285 0.0859564 -0.0111159 -0.0507797 0.114028 4.86856
83.2197 -0.431549 0.357227 2.15777 3.07001 -0.232588 0.910198 -0.48795 0.399116 2.27993 2.60896 0.213147 0.707092 -0.0564011 0.0418897 0.122161 -0.461048 0.445735 -0.203106 0.140923 38.4086
83.4238 -0.431019 0.354618 2.15447 3.0012 -0.181192 0.994134 -0.490024 0.396938 2.27099 3.0398 -0.177227 0.90644 -0.0590046 0.0423197 0.116513 0.0385991 0.00396527 -0.0876942 0.137287 5.12094
83.6032 -0.429202 0.354584 2.15067 2.93125 -0.122825 1.08482 -0.48199 0.385367 2.22908 2.7689 0.287356 0.866277 -0.0527878 0.0307824 0.0784149 -0.162349 0.410181 -0.21854 0.0994133 27.7957
83.8084 -0.428173 0.357845 2.1439 2.83773 -0.0343994 1.21338 -0.470487 0.379335 2.18064 3.03264 -0.301059 1.12431 -0.0423139 0.02149 0.0367424 0.194905 -0.26666 -0.0890624 0.0600191 19.082
83.9159 -0.429168 0.358497 2.1399 2.79157 0.0135389 1.27983 -0.474127 0.386045 2.19778 2.85882 -0.159216 1.26009 -0.0449591 0.0275479 0.0578754 0.0672434 -0.172755 -0.0197369 0.0782928 10.6499
84.1423 -0.434036 0.359227 2.13071 2.70171 0.116636 1.41392 -0.483947 0.39245 2.22423 3.07576 0.206036 1.27273 -0.0499103 0.0332234 0.0935282 0.374044 0.0894001 -0.141196 0.111096 24.609
84.5273 -0.445204 0.354191 2.11339 2.55874 0.3126 1.641 -0.482815 0.383961 2.16011 2.51735 0.197502 1.5261 -0.0376117 0.0297701 0.046715 -0.0413924 -0.115098 -0.114898 0.0669566 9.19291
84.7301 -0.444048 0.348072 2.10768 2.50602 0.397201 1.7316 -0.487577 0.379954 2.148 2.44597 0.253983 1.6576 -0.0435283 0.031882 0.0403175 -0.060044 -0.143219 -0.073999 0.0673549 9.36758
84.9135 -0.435298 0.342032 2.10354 2.45961 0.479266 1.81723 -0.509656 0.389454 2.24068 2.54558 0.400762 1.71382 -0.0743585 0.0474224 0.137146 0.0859677 -0.0785041 -0.103403 0.163056 10.2182
85.1148 -0.411035 0.333229 2.10106 2.40593 0.579666 1.92283 -0.480578 0.369084 2.15565 -2.69517 -0.00894923 1.90885 -0.0695431 0.0358551 0.0545815 -5.1011 -0.588615 -0.0139791 0.095399 74.9647
85.3102 -0.383995 0.326684 2.10123 2.36998 0.64565 1.99429 -0.46537 0.366608 2.18027 2.4042 0.568483 1.92261 -0.0813751 0.0399237 0.0790375 0.0342234 -0.0771678 -0.0716748 0.120261 7.03113
91.6853 -0.349965 0.456434 2.13407 2.42485 -0.174521 1.24956 -0.392321 0.51802 2.22122 -2.86063 0.515096 1.05844 -0.0423562 0.0615854 0.0871504 -5.28548 0.689617 -0.191119 0.114813 70.8373
92.8868 -0.364561 0.377752 2.12857 2.66887 0.276572 1.45869 -0.431553 0.428734 2.2362 2.67197 0.17658 1.38633 -0.0669911 0.0509822 0.107628 0.00310242 -0.0999928 -0.0723563 0.136641 7.09639
93.685 -0.302555 0.344538 2.13299 2.70617 0.506325 1.5883 -0.368069 0.385482 2.21642 -3.0337 -0.109336 1.6867 -0.0655134 0.0409436 0.0834325 -5.73987 -0.615661 0.0983962 0.113707 46.2834
93.9007 -0.274321 0.340099 2.13355 2.69604 0.559153 1.61113 -0.347031 0.3769 2.20809 2.72534 0.55268 1.58756 -0.0727099 0.0368002 0.0745359 0.029296 -0.00647264 -0.0235642 0.110438 2.67766
95.3146 -0.112298 0.3862 2.12551 2.45851 0.639637 1.52217 -0.172806 0.408753 2.21339 2.49617 0.67609 1.54002 -0.0605081 0.0225531 0.0878838 0.0376633 0.0364534 0.0178509 0.109057 2.71397
95.7312 -0.0680497 0.425297 2.11962 2.36406 0.578021 1.44673 -0.121753 0.436542 2.17159 -2.55265 -0.287687 1.53787 -0.0537029 0.0112454 0.0519688 -4.91671 -0.865708 0.0911324 0.0755726 89.9465
95.9509 -0.054826 0.443142 2.11733 2.32749 0.538176 1.413 -0.103609 0.460963 2.18872 -2.48018 -0.141548 1.4808 -0.0487828 0.0178217 0.0713897 -4.80767 -0.679724 0.0678095 0.0882829 90.8658
96.1668 -0.0378625 0.469393 2.11431 2.28698 0.474761 1.36979 -0.0870484 0.468192 2.12744 2.24756 0.499702 1.44212 -0.0491859 -0.00120154 0.0131224 -0.039423 0.0249406 0.0723328 0.0509205 5.75176
97.6944 0.0103502 0.619149 2.11368 2.23668 -0.0674177 1.15837 -0.0194521 0.65565 2.18484 -2.48132 0.504156 1.11357 -0.0298023 0.0365011 0.0711538 -4.718 0.571573 -0.0447943 0.0853426 94.8218
98.0306 0.00152485 0.621743 2.11742 2.24724 -0.125932 1.14335 -0.0231825 0.678739 2.24251 2.2714 -0.0429351 1.16783 -0.0247074 0.0569958 0.125097 0.0241596 0.0829967 0.0244848 0.139672 5.17907
98.185 -0.0106893 0.620072 2.12189 2.25952 -0.180028 1.1315 -0.0322196 0.665255 2.19165 2.20644 -0.107378 1.17673 -0.0215303 0.0451833 0.0697677 -0.0530873 0.07265 0.0452232 0.085864 5.57007
99.422 -0.14834 0.580222 2.14012 2.32311 -0.37328 1.15776 -0.157684 0.638849 2.23302 2.23568 -0.285063 1.17412 -0.0093441 0.058627 0.0928999 -0.0874286 0.0882172 0.0163619 0.110249 6.96171
99.8878 -0.212495 0.542531 2.14679 2.34392 -0.399473 1.22123 -0.225225 0.603778 2.21911 -2.82709 0.75696 0.88955 -0.0127298 0.0612471 0.0723196 -5.17101 1.15643 -0.331676 0.095621 93.37
100.513 -0.261149 0.512929 2.14957 2.35761 -0.3982 1.29809 -0.284833 0.571339 2.25115 2.27222 -0.361745 1.29946 -0.0236842 0.0584105 0.101573 -0.0853913 0.0364547 0.00137503 0.11954 5.29313
100.858 -0.293482 0.497571 2.14883 2.3628 -0.386342 1.36047 -0.306842 0.546063 2.20451 2.33281 -0.408005 1.34 -0.0133607 0.0484923 0.0556778 -0.0299876 -0.0216624 -0.0204713 0.0750335 2.72534
101.357 -0.335237 0.481954 2.14538 2.36875 -0.353619 1.46731 -0.369923 0.538096 2.27239 2.34143 -0.361877 1.44711 -0.0346856 0.0561419 0.12701 -0.0273272 -0.00825818 -0.0202016 0.143132 2.29882
101.646 -0.355836 0.473033 2.14325 2.37376 -0.325231 1.5448 -0.394355 0.531983 2.27586 2.38077 -0.325287 1.49961 -0.0385188 0.0589501 0.132619 0.0070104 -5.52901e-05 -0.045192 0.150156 2.49026
101.963 -0.367326 0.464205 2.14271 2.37818 -0.303466 1.60461 -0.406533 0.517753 2.24437 2.32932 -0.308025 1.55188 -0.0392078 0.0535486 0.101659 -0.0488624 -0.00455842 -0.0527245 0.121405 4.70336
104.244 -0.253752 0.386599 2.17144 2.4174 -0.250927 2.14963 -0.327171 0.427383 2.3059 2.44908 -0.283674 2.14122 -0.0734184 0.0407844 0.134459 0.0316799 -0.0327461 -0.00840593 0.158533 2.56613
104.377 -0.233916 0.39429 2.17343 2.41476 -0.275368 2.15916 -0.300776 0.429692 2.29673 2.41551 -0.26661 2.16026 -0.0668603 0.0354029 0.123304 0.000742257 0.00875803 0.0010904 0.144664 0.508989
104.504 -0.215185 0.403653 2.1751 2.41152 -0.304331 2.16121 -0.276142 0.435273 2.28392 2.38477 -0.247738 2.17875 -0.0609568 0.0316202 0.10882 -0.0267513 0.056593 0.0175352 0.128675 3.60999
104.669 -0.192141 0.420746 2.17652 2.4079 -0.348949 2.1517 -0.256172 0.447945 2.29253 2.40933 -0.313394 2.16925 -0.0640313 0.0271994 0.116014 0.00142589 0.0355546 0.0175549 0.135274 2.28516
105.487 -0.124873 0.541179 2.17079 2.44276 -0.569614 1.96144 -0.174324 0.563516 2.27004 2.36414 -0.531856 2.03534 -0.0494509 0.0223371 0.0992417 -0.0786225 0.0377579 0.073904 0.113107 4.78815
106.276 -0.106921 0.587151 2.17857 2.63117 -0.794259 1.49746 -0.144124 0.652294 2.31062 2.5858 -0.787677 1.59916 -0.0372033 0.065143 0.132049 -0.0453654 0.00658263 0.101704 0.151871 4.39463
106.552 -0.133222 0.569693 2.18543 2.73468 -0.840115 1.26983 -0.160617 0.636532 2.31579 2.6828 -0.862202 1.37737 -0.0273954 0.0668391 0.130359 -0.0518794 -0.0220876 0.107536 0.149035 4.56583
106.877 -0.169747 0.547727 2.18874 2.80451 -0.853635 1.09694 -0.19548 0.614784 2.32159 2.731 -0.869603 1.233 -0.0257335 0.0670569 0.132847 -0.0735164 -0.0159681 0.13606 0.151021 5.43127
107.582 -0.272009 0.499858 2.18156 2.80023 -0.80698 0.866688 -0.312595 0.557876 2.32563 2.74527 -0.809086 0.932423 -0.0405863 0.0580182 0.144074 -0.0549616 -0.00210554 0.0657348 0.160533 2.63938
108.065 -0.286008 0.484511 2.17407 2.65262 -0.714441 0.904032 -0.341908 0.539196 2.311 2.68679 -0.780978 0.928336 -0.0558995 0.0546853 0.136929 0.034168 -0.0665369 0.0243049 0.157686 4.90009
108.225 -0.28057 0.483688 2.17208 2.60012 -0.679079 0.934663 -0.349262 0.551339 2.36766 2.615 -0.650721 0.92634 -0.0686917 0.0676507 0.195573 0.0148748 0.0283582 -0.00832317 0.218046 1.75836
108.348 -0.271724 0.484754 2.16982 2.54495 -0.638641 0.97159 -0.334381 0.534393 2.30793 2.57502 -0.65062 0.943969 -0.0626569 0.0496395 0.138113 0.0300745 -0.0119791 -0.0276218 0.159578 1.63327
108.5 -0.259902 0.486063 2.16768 2.48899 -0.593736 1.01304 -0.322299 0.534082 2.29375 2.45153 -0.601786 1.03331 -0.0623974 0.0480185 0.126071 -0.0374576 -0.00804962 0.0202677 0.148638 1.83355
108.652 -0.241678 0.487471 2.16475 2.41465 -0.52772 1.07362 -0.31071 0.541318 2.31187 2.43138 -0.554252 1.03802 -0.0690319 0.0538466 0.147114 0.0167294 -0.0265319 -0.0355965 0.171194 2.31849
108.826 -0.227367 0.488286 2.16256 2.36016 -0.474518 1.1214 -0.289959 0.532511 2.27062 -2.9173 0.739746 0.764983 -0.0625919 0.0442244 0.108066 -5.27746 1.21426 -0.356413 0.132483 91.6385
109.075 -0.203463 0.487368 2.15683 2.25536 -0.361262 1.22109 -0.259225 0.536006 2.2766 2.26401 -0.394928 1.20602 -0.0557621 0.048638 0.119778 0.00864942 -0.0336662 -0.0150719 0.14079 2.09667
109.257 -0.193091 0.482564 2.15321 2.19011 -0.285409 1.28729 -0.247943 0.532737 2.26733 -2.73022 0.700055 0.993982 -0.0548523 0.0501736 0.114118 -4.92033 0.985464 -0.293313 0.136195 97.7064
109.4 -0.188531 0.475076 2.151 2.14422 -0.230869 1.33575 -0.233797 0.518724 2.22394 2.14596 -0.263052 1.32067 -0.0452661 0.0436484 0.0729353 0.00174388 -0.032183 -0.0150867 0.0963004 2.02854
109.533 -0.185891 0.463893 2.14964 2.1012 -0.179883 1.38249 -0.225851 0.502524 2.18739 -2.43043 0.581365 1.20933 -0.0399599 0.0386313 0.0377451 -4.53164 0.761248 -0.173164 0.0671853 109.225
109.655 -0.184519 0.448861 2.14919 2.0615 -0.134015 1.42699 -0.225092 0.492168 2.20513 2.06285 -0.150482 1.39021 -0.0405732 0.043307 0.0559452 0.00134708 -0.016467 -0.0367823 0.081557 2.30036
109.812 -0.183014 0.425703 2.14962 2.01398 -0.0817283 1.48248 -0.226683 0.482306 2.23978 2.05969 -0.131926 1.43558 -0.0436695 0.0566028 0.0901598 0.0457106 -0.050198 -0.0469012 0.115064 4.56592
113.374 -0.267206 0.474651 2.17753 2.41404 -0.669813 1.3238 -0.287051 0.515571 2.26062 2.32421 -0.652911 1.38846 -0.0198453 0.0409205 0.0830972 -0.0898367 0.0169024 0.0646547 0.0947284 4.21017
114.272 -0.346923 0.475913 2.16436 2.56042 -0.645175 1.21415 -0.372682 0.512626 2.26498 2.44363 -0.629098 1.29011 -0.0257591 0.0367135 0.100617 -0.116789 0.016077 0.0759551 0.110159 5.46816
114.479 -0.363433 0.479538 2.15967 2.58528 -0.625755 1.20408 -0.40897 0.536601 2.34817 2.54199 -0.604731 1.21649 -0.0455372 0.0570634 0.188498 -0.0432916 0.0210235 0.0124164 0.202142 2.46418
114.645 -0.377401 0.48376 2.15498 2.60316 -0.60194 1.20361 -0.420533 0.528955 2.28834 2.58241 -0.631724 1.23397 -0.0431324 0.0451953 0.133361 -0.0207443 -0.0297839 0.0303629 0.147269 2.22686
115.359 -0.407627 0.480912 2.14515 2.61949 -0.503108 1.26418 -0.457838 0.531514 2.26522 2.57667 -0.505102 1.25372 -0.0502109 0.0506021 0.120073 -0.0428284 -0.00199436 -0.0104583 0.13964 2.7954
115.509 -0.413906 0.480107 2.14224 2.61193 -0.466857 1.2987 -0.46377 0.525185 2.2508 2.57276 -0.489469 1.28687 -0.0498632 0.045078 0.108562 -0.0391759 -0.0226121 -0.0118335 0.127687 2.92864
115.674 -0.417973 0.479093 2.13984 2.60047 -0.428159 1.33836 -0.466394 0.51947 2.23045 2.56642 -0.473959 1.32028 -0.0484211 0.0403771 0.0906134 -0.0340448 -0.0457997 -0.0180775 0.110389 3.67759
115.873 -0.421779 0.472951 2.13763 2.58018 -0.374564 1.39821 -0.478607 0.524399 2.25579 2.55833 -0.446108 1.39837 -0.0568273 0.0514484 0.118156 -0.0218427 -0.0715442 0.000159391 0.140844 4.28487
116.116 -0.422438 0.46742 2.13661 2.56185 -0.3332 1.44566 -0.479351 0.518056 2.24541 2.56765 -0.376683 1.41783 -0.056913 0.0506357 0.108801 0.00580868 -0.0434838 -0.0278285 0.132818 2.9139
116.38 -0.422624 0.459839 2.13556 2.54102 -0.290712 1.49568 -0.476901 0.506549 2.22937 2.58007 -0.305024 1.43354 -0.0542769 0.0467094 0.0938023 0.0390537 -0.0143117 -0.0621414 0.118011 3.69841
116.778 -0.414844 0.445583 2.13346 2.48707 -0.190084 1.61063 -0.479119 0.49823 2.24892 2.51985 -0.261232 1.57675 -0.0642748 0.0526472 0.115465 0.0327766 -0.071148 -0.0338735 0.14225 4.71983
116.912 -0.408195 0.438029 2.13325 2.46246 -0.148955 1.65724 -0.464733 0.481574 2.20871 2.47304 -0.188095 1.61081 -0.0565374 0.0435452 0.0754561 0.0105851 -0.0391402 -0.0464332 0.103857 3.45434
117.139 -0.396378 0.425883 2.13383 2.42833 -0.0984249 1.7148 -0.458859 0.472843 2.21298 2.42294 -0.17157 1.67958 -0.0624809 0.0469601 0.0791517 -0.00539463 -0.0731456 -0.0352243 0.111239 4.67956
117.66 -0.34456 0.395955 2.13923 2.3406 -0.00391058 1.8242 -0.414756 0.437279 2.1965 -2.62532 0.502114 1.7417 -0.0701961 0.0413241 0.0572745 -4.96592 0.506025 -0.0824977 0.0995768 81.2867
117.904 -0.322452 0.39069 2.14135 2.31459 0.0131785 1.84522 -0.408288 0.444674 2.28704 2.37286 0.000243375 1.79658 -0.0858362 0.0539841 0.145688 0.0582682 -0.0129351 -0.0486436 0.177503 4.42554
118.052 -0.299894 0.389114 2.14311 2.28843 0.0247124 1.86018 -0.371707 0.424541 2.22002 -2.51493 0.414978 1.79032 -0.0718131 0.0354272 0.0769116 -4.80336 0.390266 -0.0698519 0.11103 88.0669
118.327 -0.27897 0.390371 2.14408 2.26172 0.0306791 1.8697 -0.354591 0.434982 2.28872 2.27 0.0694296 1.83798 -0.0756218 0.0446113 0.144642 0.00828492 0.0387505 -0.0317157 0.169204 2.92275
118.444 -0.259529 0.393782 2.14482 2.2349 0.0301922 1.87345 -0.321029 0.422931 2.21156 -2.38164 0.396092 1.82714 -0.0615004 0.0291493 0.0667394 -4.61655 0.3659 -0.0463149 0.0953212 97.7966
118.638 -0.235777 0.402989 2.14514 2.20032 0.0200484 1.87031 -0.297658 0.426531 2.21019 -2.3705 0.397417 1.83144 -0.0618806 0.0235413 0.0650479 -4.57082 0.377369 -0.0388749 0.092815 100.337
118.779 -0.218524 0.411912 2.14553 2.17624 0.00447462 1.8618 -0.27634 0.432642 2.20194 -2.25998 0.381497 1.86146 -0.0578162 0.0207302 0.0564177 -4.43622 0.377022 -0.000336005 0.0833991 107.354
119.065 -0.181239 0.437279 2.14725 2.1293 -0.0574573 1.82251 -0.246519 0.470477 2.27318 -2.27262 0.536194 1.79716 -0.0652799 0.0331984 0.125929 -4.40192 0.593651 -0.0253456 0.145677 111.745
119.82 -0.11246 0.522847 2.15064 2.10745 -0.28463 1.63962 -0.16094 0.545878 2.22344 2.04193 -0.203635 1.68574 -0.0484799 0.0230308 0.0728071 -0.0655185 0.0809952 0.0461239 0.0904521 6.14822
120.39 -0.0862861 0.532612 2.1664 2.22486 -0.492886 1.38508 -0.12569 0.59233 2.27116 2.18335 -0.46696 1.4596 -0.0394035 0.0597187 0.104765 -0.0415113 0.0259261 0.0745187 0.126864 4.08802
120.871 -0.122043 0.482666 2.18516 2.3721 -0.59512 1.17895 -0.144774 0.552185 2.30656 2.2596 -0.540808 1.31181 -0.022731 0.0695198 0.121397 -0.112501 0.0543121 0.132867 0.141728 7.50467
120.998 -0.139899 0.467956 2.18868 2.41928 -0.612463 1.12208 -0.164173 0.539474 2.33892 2.27885 -0.498629 1.22522 -0.0242742 0.0715185 0.150237 -0.140432 0.113833 0.103142 0.168152 9.58489
121.595 -0.209156 0.431 2.19245 2.5992 -0.617496 0.951002 -0.244932 0.488539 2.33943 2.53955 -0.610935 0.99098 -0.0357761 0.0575394 0.146976 -0.0596439 0.00656061 0.0399778 0.161842 2.836
121.779 -0.218267 0.428221 2.19213 2.63213 -0.605011 0.933673 -0.263357 0.488998 2.37647 2.52947 -0.566149 0.993953 -0.0450899 0.0607771 0.184339 -0.102665 0.0388615 0.0602798 0.199268 5.38671
122.121 -0.234855 0.42373 2.19007 2.68775 -0.563672 0.934703 -0.281386 0.476087 2.35355 2.64648 -0.537716 0.942388 -0.046531 0.0523571 0.163475 -0.0412682 0.0259567 0.00768435 0.17785 2.62808
122.579 -0.241774 0.426275 2.18716 2.72081 -0.506964 0.987663 -0.28869 0.467353 2.30515 2.70597 -0.555615 0.991784 -0.0469165 0.0410781 0.117989 -0.0148404 -0.0486511 0.00412045 0.133454 2.8888
122.92 -0.241503 0.428538 2.18604 2.73042 -0.478638 1.02479 -0.293956 0.476232 2.33892 2.68609 -0.486758 1.03386 -0.0524529 0.0476936 0.15288 -0.0443308 -0.00812049 0.00907376 0.168518 2.38999
123.212 -0.240229 0.43165 2.18479 2.73771 -0.448401 1.06979 -0.292127 0.47568 2.31623 2.75246 -0.476205 1.00961 -0.0518974 0.0440295 0.131443 0.0147578 -0.0278035 -0.0601796 0.148017 3.54122
123.454 -0.239169 0.436263 2.183 2.74287 -0.416092 1.12276 -0.289266 0.477349 2.30963 2.6731 -0.44526 1.14276 -0.0500969 0.041086 0.126627 -0.0697647 -0.0291688 0.0199972 0.14224 4.03206
124.125 -0.235329 0.439266 2.18059 2.75452 -0.340148 1.26969 -0.27813 0.471009 2.23622 2.73608 -0.401115 1.21891 -0.0428015 0.0317436 0.0556267 -0.0184391 -0.0609672 -0.0507782 0.0770322 4.89969
124.493 -0.233829 0.438608 2.17982 2.76015 -0.307993 1.34097 -0.27999 0.474829 2.25897 2.73133 -0.383069 1.29775 -0.0461618 0.036221 0.079149 -0.0288213 -0.0750767 -0.0432169 0.0985263 5.48891
124.861 -0.232345 0.435104 2.17962 2.76704 -0.277642 1.41576 -0.280158 0.480142 2.2843 2.73263 -0.301734 1.3736 -0.0478129 0.0450378 0.104681 -0.0344049 -0.0240926 -0.0421544 0.123582 3.78734
125.087 -0.230543 0.429394 2.17937 2.77814 -0.239634 1.51937 -0.278295 0.473676 2.27715 2.73525 -0.282577 1.45063 -0.0477521 0.0442828 0.0977805 -0.0428938 -0.0429426 -0.0687462 0.117483 5.70976
125.256 -0.228663 0.421277 2.18 2.78835 -0.215178 1.59855 -0.278653 0.474287 2.30427 2.82119 -0.215285 1.52128 -0.04999 0.0530101 0.124261 0.0328382 -0.000107944 -0.0772699 0.144048 4.42501
126.261 -0.18924 0.349542 2.19444 2.85043 -0.168683 1.91437 -0.251221 0.406584 2.32004 2.85581 -0.11273 1.84172 -0.0619806 0.0570422 0.125596 0.00538623 0.0559525 -0.0726536 0.151228 5.2284
128.029 -0.0854987 0.327433 2.21007 2.99795 -0.251978 2.15402 -0.131713 0.347693 2.31893 2.99801 -0.238427 2.13619 -0.0462138 0.0202596 0.108865 5.68358e-05 0.0135507 -0.0178309 0.11999 1.28268
128.623 -0.0914627 0.373976 2.20692 3.05396 -0.301887 2.08798 -0.128562 0.40853 2.3725 3.08922 -0.182121 2.07634 -0.0370996 0.0345538 0.165577 0.0352628 0.119766 -0.011639 0.173165 7.13883
128.853 -0.100269 0.389622 2.20632 3.07198 -0.321072 2.04475 -0.12817 0.402318 2.25564 3.03165 -0.378171 2.09413 -0.0279008 0.0126961 0.0493147 -0.0403293 -0.0570993 0.0493738 0.0580653 4.42288
129.162 -0.114355 0.408815 2.20531 3.09508 -0.345436 1.97748 -0.13951 0.421529 2.26349 3.07121 -0.427478 2.02114 -0.0251548 0.0127144 0.0581868 -0.023862 -0.0820423 0.0436666 0.0646539 5.25747
129.385 -0.127194 0.424729 2.20386 3.1136 -0.363436 1.91607 -0.154459 0.446184 2.31247 -3.07894 0.746496 1.96614 -0.0272652 0.0214548 0.108612 -6.19255 1.10993 0.0500625 0.114019 63.7948
129.49 -0.136153 0.436555 2.20272 3.12647 -0.37509 1.86998 -0.168702 0.46597 2.29744 3.13991 -0.392906 1.87766 -0.0325487 0.0294152 0.0947184 0.0134338 -0.0178162 0.00767581 0.104385 1.44266
129.856 -0.163217 0.470767 2.20105 -3.09739 -0.423206 1.6512 -0.197566 0.501514 2.29466 -3.10312 -0.43191 1.74916 -0.0343492 0.0307471 0.0936104 -0.00573 -0.00870431 0.0979542 0.104346 5.50694
130.308 -0.171505 0.467021 2.20874 -3.00338 -0.480258 1.3191 -0.213974 0.51355 2.29907 -3.02317 -0.472296 1.41854 -0.0424696 0.0465293 0.0903317 -0.0197878 0.00796184 0.0994463 0.110129 5.29476
130.617 -0.165206 0.44241 2.21753 -2.93283 -0.510738 1.07379 -0.212865 0.499361 2.33137 -3.01728 -0.439841 1.23684 -0.0476586 0.0569506 0.113833 -0.0844509 0.0708971 0.163057 0.135914 9.25895
130.78 -0.162096 0.426804 2.22158 -2.90478 -0.522621 0.972788 -0.206618 0.480129 2.30734 -2.92009 -0.509088 1.04924 -0.0445217 0.0533244 0.0857566 -0.0153086 0.0135329 0.0764515 0.110362 4.09472
130.891 -0.159476 0.408108 2.22594 -2.87879 -0.535357 0.876331 -0.204703 0.464574 2.32028 -2.92734 -0.554677 0.993701 -0.045227 0.056466 0.094337 -0.0485529 -0.0193207 0.11737 0.118884 5.89761
131.57 -0.175802 0.328917 2.24077 -2.81288 -0.629169 0.528631 -0.213502 0.38812 2.37355 -2.73522 -0.540873 0.548658 -0.0376996 0.059203 0.13278 0.0776577 0.0882956 0.0200276 0.150189 7.23421
131.751 -0.18109 0.3185 2.24281 -2.81203 -0.659933 0.48097 -0.21798 0.365217 2.33328 -2.76774 -0.620589 0.509493 -0.0368908 0.0467169 0.0904732 0.0442954 0.039344 0.0285237 0.1083 4.37587
132.269 -0.190374 0.305313 2.24764 -2.85397 -0.791699 0.410558 -0.238749 0.348718 2.4065 2.37858 0.594283 0.15682 -0.0483753 0.0434051 0.158863 5.23254 1.38598 -0.253738 0.171644 98.3121
132.475 -0.188068 0.305693 2.24925 -2.88228 -0.83869 0.418716 -0.244004 0.352697 2.44857 2.3578 0.625349 0.0939648 -0.0559358 0.0470034 0.199318 5.24008 1.46404 -0.324751 0.212287 102.213
132.652 -0.183202 0.306695 2.25088 -2.92025 -0.887823 0.443058 -0.236944 0.345485 2.39839 2.36939 0.727489 0.0119289 -0.0537411 0.03879 0.147517 5.28964 1.61531 -0.43113 0.161722 108.335
133.019 -0.164652 0.313237 2.25388 -3.06118 -1.00406 0.57662 -0.21814 0.343216 2.35814 -2.96703 -0.988797 0.470901 -0.0534877 0.0299788 0.104258 0.0941503 0.0152649 -0.105719 0.120952 3.41776
138.756 -0.0657567 0.390644 2.23276 -2.60712 -0.297735 0.87853 -0.103616 0.442178 2.36879 -2.61342 -0.342555 0.94036 -0.037859 0.0515334 0.136033 -0.00630148 -0.0448197 0.0618303 0.150313 4.29737
139.544 -0.0666162 0.353479 2.22725 -2.50596 -0.0794339 0.68997 -0.105211 0.397749 2.35706 -2.47065 -0.092355 0.689517 -0.0385948 0.0442699 0.129815 0.0353091 -0.0129211 -0.000452362 0.142483 2.15231
139.738 -0.0667837 0.351095 2.22645 -2.50275 -0.0628212 0.678516 -0.105207 0.393615 2.35697 -2.46948 -0.0932111 0.689527 -0.0384232 0.0425203 0.130517 0.0332684 -0.0303899 0.0110112 0.142545 2.69268
139.879 -0.0675904 0.351848 2.22558 -2.50328 -0.0535123 0.673528 -0.105752 0.393569 2.36915 -2.52906 -0.0586628 0.68399 -0.0381614 0.0417209 0.143575 -0.0257849 -0.00515052 0.0104626 0.154307 1.59053
140.252 -0.070718 0.358917 2.22449 -2.51564 -0.0617271 0.687739 -0.106577 0.390065 2.32704 2.16934 0.169654 0.631892 -0.0358586 0.0311472 0.102552 4.68498 0.231381 -0.0558461 0.113017 92.1845
140.715 -0.0767629 0.388637 2.22334 -2.56287 -0.13868 0.773044 -0.109181 0.413094 2.31037 -2.53273 -0.107973 0.712154 -0.0324179 0.0244567 0.0870323 0.0301423 0.0307068 -0.06089 0.09604 4.09453
141.017 -0.0854981 0.402194 2.22558 -2.61622 -0.236029 0.879646 -0.125344 0.452157 2.42816 -2.57187 -0.145993 0.810113 -0.0398454 0.0499636 0.20258 0.0443409 0.0900356 -0.0695333 0.212421 6.71388
141.39 -0.0903815 0.40663 2.22918 -2.67866 -0.339052 1.0015 -0.128289 0.450885 2.36566 -2.64967 -0.299173 0.954286 -0.0379073 0.0442554 0.13648 0.0289874 0.0398787 -0.0472124 0.148399 3.53203
141.641 -0.0920483 0.408584 2.2314 -2.73148 -0.412827 1.098 -0.129561 0.450264 2.35156 -2.68166 -0.370505 1.01274 -0.0375128 0.04168 0.120167 0.0498183 0.0423215 -0.0852568 0.132607 5.21864
141.873 -0.0934765 0.412035 2.23205 -2.77814 -0.467778 1.17886 -0.131405 0.453333 2.37089 2.38988 0.613966 0.954874 -0.0379289 0.0412985 0.138836 5.16802 1.08174 -0.223991 0.149732 86.6994
142.055 -0.0932197 0.415291 2.23245 -2.82914 -0.52161 1.26555 -0.132777 0.451502 2.33659 -2.80718 -0.508847 1.18374 -0.0395571 0.0362107 0.104142 0.0219538 0.012763 -0.0818072 0.117139 4.27498
142.248 -0.0912838 0.416095 2.23289 -2.88343 -0.573967 1.35703 -0.136501 0.46724 2.40188 -2.85194 -0.486528 1.30032 -0.0452172 0.0511444 0.168984 0.0314902 0.0874392 -0.0567078 0.182253 5.74194
142.463 -0.0861574 0.412116 2.23399 -2.95903 -0.640974 1.48327 -0.128145 0.452663 2.32678 -2.8917 -0.614955 1.35887 -0.0419878 0.0405469 0.0927896 0.0673294 0.0260193 -0.124398 0.109622 5.96496
158.525 -0.0819799 0.426947 2.22886 -2.81568 -0.627944 1.83607 -0.127789 0.46376 2.3737 -2.76255 -0.598422 1.76365 -0.0458094 0.0368127 0.144843 0.0531371 0.0295217 -0.0724197 0.156311 3.84736
160.84 -0.101661 0.374386 2.248 -2.5709 -0.56537 1.38302 -0.137094 0.419103 2.33846 -2.62199 -0.677485 1.48667 -0.0354333 0.0447167 0.0904537 -0.0510915 -0.112115 0.103643 0.106944 8.0495
161.02 -0.102783 0.362896 2.24941 -2.54262 -0.51922 1.2703 -0.142682 0.419273 2.39795 -2.53418 -0.563123 1.35893 -0.039899 0.0563771 0.148536 0.0084393 -0.043903 0.0886202 0.163809 5.90498
161.165 -0.101608 0.354698 2.24988 -2.52588 -0.482235 1.1849 -0.144612 0.4073 2.39525 -2.53823 -0.509197 1.30108 -0.0430033 0.0526018 0.145372 -0.0123574 -0.0269623 0.116177 0.160466 6.53525
161.547 -0.0935622 0.341053 2.24952 -2.50423 -0.404772 1.01267 -0.141234 0.395792 2.42733 -2.48275 -0.3682 1.08959 -0.0476717 0.0547396 0.177819 0.021479 0.0365718 0.0769275 0.192064 5.4239
161.886 -0.0765134 0.328482 2.24723 -2.49901 -0.321376 0.824743 -0.123064 0.367049 2.34495 -2.51714 -0.428087 0.93295 -0.0465508 0.0385672 0.0977143 -0.0181281 -0.106711 0.108207 0.114902 8.49373
162.453 -0.0577609 0.322716 2.24177 -2.52315 -0.242914 0.601438 -0.0997158 0.361326 2.37469 -2.50487 -0.213308 0.664685 -0.0419549 0.03861 0.132918 0.0182725 0.0296061 0.0632464 0.144631 4.3382
162.83 -0.0512065 0.330971 2.23786 -2.54837 -0.226988 0.50277 -0.0924098 0.369695 2.40206 -2.57719 -0.230669 0.548304 -0.0412033 0.0387239 0.164206 -0.0288249 -0.00368077 0.0455337 0.173669 2.76102
163.431 -0.0448223 0.367519 2.23028 -2.60016 -0.256615 0.410675 -0.0808009 0.385932 2.31061 -2.51761 -0.195985 0.404295 -0.0359786 0.0184132 0.0803327 0.0825496 0.0606305 -0.00637952 0.089927 5.81285
163.593 -0.0451177 0.389673 2.22669 -2.62458 -0.287438 0.401928 -0.0811256 0.409527 2.35146 2.22671 0.309723 0.3 -0.0360079 0.0198541 0.124769 4.85129 0.597161 -0.101927 0.13137 87.8039
163.833 -0.0450469 0.408482 2.22405 -2.6451 -0.317745 0.406687 -0.0811247 0.430067 2.35143 2.2166 0.312503 0.296811 -0.0360778 0.0215851 0.127379 4.86171 0.630247 -0.109876 0.134138 87.9935
163.935 -0.0454527 0.426518 2.22165 -2.66686 -0.352228 0.421311 -0.0811803 0.446757 2.32246 -2.53353 -0.243767 0.369878 -0.0357276 0.0202395 0.100806 0.13333 0.108461 -0.0514328 0.108848 9.61028
164.149 -0.0462492 0.449319 2.2189 -2.69908 -0.40391 0.456771 -0.0830846 0.480368 2.37848 -2.67059 -0.318963 0.406044 -0.0368354 0.0310492 0.159579 0.0284963 0.0849472 -0.0507275 0.166692 5.60696
164.338 -0.0473417 0.46474 2.21716 -2.72606 -0.44527 0.495197 -0.0828021 0.487427 2.31328 -2.67476 -0.382066 0.423979 -0.0354604 0.0226866 0.0961112 0.0512981 0.063204 -0.0712178 0.104926 5.36169
164.51 -0.0478342 0.47905 2.21578 -2.75637 -0.488377 0.545187 -0.0838811 0.512263 2.3437 -2.66541 -0.453619 0.464825 -0.0360469 0.0332134 0.127927 0.0909638 0.0347577 -0.0803621 0.136996 5.5257
165.601 -0.0593613 0.507315 2.21583 -2.97698 -0.700479 1.00003 -0.0910488 0.550336 2.2933 -2.90265 -0.69738 0.8588 -0.0316874 0.0430213 0.077469 0.0743277 0.00309912 -0.141232 0.0941084 6.26785
166.329 -0.0633681 0.490233 2.21991 -3.06296 -0.745649 1.20248 -0.100334 0.550591 2.34563 -2.99198 -0.756912 1.09941 -0.0369664 0.060358 0.125722 0.0709837 -0.0112626 -0.103068 0.144276 4.36287
