67.4319 -0.101169 0.798235 1.99301 2.42561 -0.541424 -0.0626971 -0.133049 0.879938 2.01391 3.09953 0.251055 -0.444788 -0.03188 0.0817032 0.0209034 0.673923 0.792479 -0.38209 0.0901593 60.4893
67.6797 -0.0907122 0.740895 2.01585 2.43523 -0.491785 0.0221896 -0.139898 0.852309 2.11011 2.50124 -0.572203 -0.0409956 -0.0491854 0.111414 0.094261 0.0660069 -0.0804183 -0.0631852 0.154005 5.89295
68.0274 -0.0719066 0.712698 2.0274 2.44231 -0.452946 0.0756843 -0.128708 0.800877 2.12285 2.39622 -0.503478 0.0486825 -0.0568018 0.088179 0.0954523 -0.0460822 -0.0505319 -0.0270018 0.141821 4.63734
68.2218 -0.0510162 0.695955 2.03465 2.44881 -0.415427 0.119765 -0.104298 0.755908 2.09841 2.41005 -0.45052 0.0999288 -0.0532818 0.0599528 0.0637632 -0.0387556 -0.0350928 -0.0198365 0.102465 3.51892
68.3768 -0.0333461 0.676704 2.04396 2.46152 -0.376979 0.15873 -0.0837903 0.757648 2.16072 2.48949 -0.420867 0.132769 -0.0504442 0.0809441 0.116755 0.0279727 -0.0438883 -0.0259607 0.150759 3.04157
68.9684 -0.0142129 0.661402 2.05165 2.48131 -0.332205 0.175187 -0.0574278 0.71272 2.12809 2.45178 -0.350808 0.198253 -0.0432149 0.0513173 0.0764353 -0.0295265 -0.0186036 0.0230661 0.101702 2.0609
69.0726 -0.00709393 0.663006 2.05175 2.486 -0.318651 0.16972 -0.0466035 0.706421 2.12204 3.06618 0.355853 -0.0743543 -0.0395095 0.0434149 0.0702927 0.580181 0.674504 -0.244074 0.0915801 52.5016
69.2758 0.00590144 0.680315 2.0472 2.4932 -0.290219 0.130808 -0.033472 0.700532 2.08361 2.46203 -0.344938 0.169945 -0.0393734 0.0202177 0.036411 -0.0311733 -0.0547195 0.0391363 0.057313 3.94258
69.4804 0.00851212 0.697134 2.043 2.49608 -0.278453 0.0898638 -0.0262396 0.716302 2.08713 2.45544 -0.336644 0.169184 -0.0347518 0.0191679 0.0441239 -0.040637 -0.0581911 0.0793197 0.0593466 5.54744
69.6821 0.00756903 0.714028 2.0391 2.50116 -0.270632 0.0345334 -0.0249185 0.752348 2.12709 2.53204 -0.314573 0.0661274 -0.0324875 0.0383205 0.0879929 0.0308794 -0.0439406 0.0315939 0.101325 3.81998
69.9522 0.00734309 0.739269 2.03298 2.51148 -0.262462 -0.061446 -0.0260522 0.770158 2.11881 3.05193 0.167371 -0.155933 -0.0333953 0.030889 0.0858244 0.540443 0.429832 -0.0944866 0.097135 39.5293
70.2969 0.00861097 0.760786 2.02821 2.52229 -0.256966 -0.148579 -0.0256386 0.783493 2.08528 3.05365 0.15435 -0.245325 -0.0342495 0.0227071 0.0570727 0.531356 0.411317 -0.0967466 0.0703273 38.4868
70.454 0.00812294 0.781243 2.02441 2.53781 -0.252308 -0.247589 -0.0236451 0.810082 2.0869 2.46533 -0.259713 -0.156661 -0.031768 0.0288396 0.0624924 -0.0724797 -0.00740565 0.0909278 0.0758039 5.7965
70.6146 0.00831334 0.800654 2.02133 2.55766 -0.246696 -0.357159 -0.0259679 0.845947 2.1186 3.00771 0.0179523 -0.387082 -0.0342813 0.0452934 0.097268 0.450052 0.264648 -0.0299232 0.11264 29.7271
70.8107 0.0139273 0.829712 2.01644 2.58671 -0.235139 -0.514784 -0.0240287 0.871784 2.12145 2.68128 -0.333185 -0.381549 -0.037956 0.0420722 0.105014 0.0945724 -0.0980463 0.133235 0.119325 11.9284
70.9843 0.0245165 0.849872 2.01283 2.60996 -0.221481 -0.639768 -0.0177944 0.864778 2.03857 3.07696 -0.0697341 -0.559695 -0.0423109 0.0149059 0.0257484 0.467 0.151747 0.0800728 0.051724 29.0937
78.1365 -0.232292 0.739082 2.0482 2.77535 0.195555 0.346884 -0.277205 0.756457 2.06618 3.11827 0.0960998 0.337559 -0.0449134 0.0173743 0.0179822 0.342922 -0.0994553 -0.00932487 0.0514046 20.5312
78.3755 -0.225084 0.759662 2.03286 2.74914 0.128973 0.370899 -0.270107 0.792759 2.10346 2.66741 0.0786985 0.370174 -0.0450232 0.0330972 0.0706059 -0.0817285 -0.0502745 -0.000725484 0.0900428 5.49376
78.9241 -0.234928 0.802033 1.99805 2.69836 -0.0812837 0.328334 -0.2675 0.828189 2.0432 2.72543 -0.294932 0.466452 -0.0325723 0.0261569 0.0451497 0.0270722 -0.213648 0.138118 0.0615113 14.8062
79.1137 -0.241364 0.814135 1.98932 2.69285 -0.153919 0.28727 -0.27986 0.857251 2.06583 2.91066 0.142369 0.215719 -0.0384965 0.0431158 0.0765115 0.217815 0.296288 -0.0715515 0.0958904 21.42
79.2676 -0.249654 0.829351 1.97976 2.6971 -0.254867 0.210632 -0.283933 0.862044 2.03913 2.61271 -0.263727 0.303444 -0.034279 0.0326933 0.0593682 -0.0843935 -0.0088603 0.0928117 0.0759505 6.22214
79.4347 -0.254008 0.841741 1.97363 2.71036 -0.331201 0.135347 -0.296608 0.890177 2.06308 2.65977 0.14287 0.0291356 -0.0425996 0.0484367 0.0894491 -0.0505975 0.474071 -0.106212 0.110281 28.0306
79.6869 -0.253602 0.859347 1.96696 2.74426 -0.428245 0.00973302 -0.297291 0.894344 2.03341 2.77057 -0.450249 0.139913 -0.0436888 0.034997 0.0664507 0.0263122 -0.0220048 0.13018 0.0868861 8.30988
81.6978 -0.0876501 0.82365 2.02874 -3.00125 -0.484746 -1.33724 -0.115829 0.892289 2.0677 2.77585 -0.238858 -1.30226 -0.0281791 0.0686392 0.0389583 5.77709 0.245888 0.0349863 0.0838043 31.5866
81.9227 -0.113342 0.7829 2.04526 -2.98932 -0.430605 -1.41479 -0.128891 0.860434 2.09594 -2.89697 -0.52509 -1.36713 -0.0155494 0.0775344 0.0506748 0.0923483 -0.094485 0.0476526 0.0939218 8.83287
82.1157 -0.139294 0.754274 2.05525 -2.99144 -0.390483 -1.45299 -0.152637 0.824974 2.10331 2.95666 -0.293631 -1.39988 -0.0133429 0.0706999 0.0480622 5.9481 0.0968524 0.0531034 0.0865245 19.2112
82.2889 -0.16853 0.728704 2.0629 -3.00226 -0.351525 -1.47478 -0.183234 0.78926 2.109 -3.00254 -0.587888 -1.48924 -0.014704 0.060556 0.0461076 -0.000280078 -0.236364 -0.0144585 0.0775187 13.5683
82.4798 -0.209233 0.699448 2.06998 -3.0287 -0.30125 -1.47986 -0.213127 0.758143 2.10167 2.94075 -0.406711 -1.46428 -0.00389352 0.0586953 0.0316893 5.96944 -0.105461 0.0155714 0.0668169 18.682
82.6837 -0.239989 0.681461 2.07344 -3.05637 -0.264366 -1.46671 -0.251624 0.739035 2.1262 -3.01801 -0.593432 -1.51063 -0.011635 0.0575731 0.052758 0.0383633 -0.329067 -0.0439218 0.0789522 19.0242
83.0184 -0.298117 0.658338 2.07556 -3.12863 -0.19124 -1.40063 -0.320478 0.705965 2.13196 3.05958 -0.118541 -1.44768 -0.0223609 0.0476267 0.0563986 6.18821 0.0726989 -0.0470471 0.0771304 7.66385
83.1872 -0.334217 0.653794 2.07371 3.09618 -0.140834 -1.32961 -0.353638 0.701905 2.14862 -2.81552 -0.440833 -1.41447 -0.0194214 0.0481113 0.0749033 -5.91171 -0.299998 -0.084857 0.0911175 26.6214
83.36 -0.361797 0.654871 2.07114 3.04905 -0.100412 -1.2635 -0.382604 0.693664 2.13217 -2.85474 -0.5717 -1.37953 -0.0208068 0.0387929 0.061037 -5.90379 -0.471287 -0.116025 0.075255 33.758
83.5781 -0.400202 0.662222 2.06584 2.98365 -0.0426598 -1.16026 -0.420489 0.708046 2.16706 2.92216 -0.168042 -1.26273 -0.0202877 0.0458238 0.101216 -0.0614891 -0.125382 -0.102478 0.112943 10.1379
83.7492 -0.419629 0.664743 2.06327 2.95093 -0.0108488 -1.1029 -0.452683 0.71259 2.15566 -2.83978 -0.730292 -1.21324 -0.033054 0.0478472 0.0923945 -5.7907 -0.719443 -0.11034 0.109173 48.6433
83.9329 -0.46262 0.673026 2.05748 2.88615 0.0566109 -0.977203 -0.489417 0.722501 2.16187 2.91312 0.015625 -1.07418 -0.0267976 0.0494748 0.104391 0.0269727 -0.0409859 -0.0969749 0.118589 6.27604
84.1047 -0.484257 0.677928 2.05444 2.85405 0.0924946 -0.909882 -0.521172 0.71925 2.12797 -2.84011 -0.889016 -0.99336 -0.0369146 0.0413224 0.0735336 -5.69417 -0.98151 -0.0834783 0.0920729 64.0179
84.7011 -0.565977 0.669726 2.05259 2.69763 0.326568 -0.511593 -0.615248 0.72647 2.12954 2.7197 0.275279 -0.590545 -0.0492706 0.0567434 0.0769476 0.022066 -0.0512888 -0.0789519 0.107556 5.83801
84.9109 -0.558023 0.649927 2.06361 2.6527 0.427382 -0.36577 -0.612528 0.698733 2.08847 2.67707 0.379927 -0.498262 -0.0545047 0.0488062 0.0248651 0.0243638 -0.0474542 -0.132492 0.0772728 8.67638
85.092 -0.532027 0.635636 2.07596 2.62233 0.506966 -0.2602 -0.618356 0.69864 2.15007 2.63614 0.460028 -0.379807 -0.086329 0.0630038 0.0741074 0.0138154 -0.0469385 -0.119607 0.130054 7.73675
85.2835 -0.489691 0.624767 2.08952 2.59384 0.587795 -0.160639 -0.596579 0.695136 2.20157 2.59845 0.496406 -0.256168 -0.106888 0.0703689 0.112056 0.00461267 -0.0913892 -0.0955286 0.170098 7.67578
86.6785 -0.159519 0.720314 2.10602 2.24573 1.02375 0.215643 -0.2125 0.763058 2.2204 2.33062 1.0373 0.230536 -0.0529818 0.0427445 0.114378 0.0848986 0.0135471 0.0148932 0.133103 4.22763
91.4831 -0.189649 0.510363 2.11023 2.23586 -0.22866 -0.84584 -0.226339 0.553966 2.22207 2.13497 -0.279143 -0.791359 -0.0366899 0.0436031 0.111838 -0.100892 -0.0504833 0.0544811 0.125519 6.51494
91.8614 -0.194802 0.531141 2.12363 2.41993 -0.0618659 -0.836725 -0.233446 0.553549 2.15244 2.31455 -0.0767482 -0.860299 -0.0386441 0.0224081 0.0288085 -0.105383 -0.0148824 -0.0235742 0.0531547 6.33531
93.2745 -0.25802 0.578299 2.14882 2.74136 0.428214 -0.582117 -0.301448 0.625792 2.25258 2.68529 0.396253 -0.638936 -0.0434281 0.0474931 0.103755 -0.0560706 -0.0319614 -0.0568194 0.122093 3.98595
96.7262 -0.328049 0.567857 2.12964 2.23922 0.466606 -0.762785 -0.366266 0.608683 2.20827 -2.5732 -1.06408 -0.464433 -0.038217 0.0408257 0.0786293 -4.81243 -1.53069 0.298352 0.0964875 120.066
98.3489 -0.283478 0.536856 2.10059 2.1925 -0.0877355 -0.919719 -0.333408 0.580323 2.17048 -2.23646 -0.539816 -0.893825 -0.0499299 0.0434671 0.0698899 -4.42895 -0.452081 0.0258945 0.0962652 108.869
99.2529 -0.273503 0.507559 2.10087 2.24281 -0.21978 -0.920449 -0.317436 0.557234 2.20035 2.22121 -0.13761 -0.913826 -0.0439325 0.0496753 0.0994801 -0.021598 0.0821699 0.00662358 0.119558 4.86542
99.4933 -0.284087 0.498378 2.1002 2.26844 -0.248772 -0.907837 -0.320551 0.548594 2.18899 2.20174 -0.224036 -0.889239 -0.0364641 0.0502157 0.0887919 -0.066701 0.0247357 0.018598 0.108329 3.98005
100.014 -0.313145 0.501702 2.09459 2.32114 -0.284185 -0.846378 -0.349542 0.535365 2.16474 -2.3829 -0.322605 -0.871035 -0.0363963 0.0336634 0.0701449 -4.70404 -0.0384201 -0.0246568 0.0858966 90.0851
101.287 -0.367587 0.515236 2.08772 2.40015 -0.268761 -0.667159 -0.399024 0.551157 2.14346 2.33628 -0.289611 -0.683383 -0.0314369 0.035921 0.0557358 -0.0638675 -0.0208503 -0.0162235 0.0733831 4.18993
101.503 -0.377944 0.513149 2.08838 2.41664 -0.256789 -0.616217 -0.423455 0.566323 2.20232 2.37398 -0.23205 -0.651317 -0.0455106 0.0531739 0.113939 -0.0426653 0.0247386 -0.0350998 0.133719 3.79571
102.367 -0.397032 0.509281 2.09205 2.46077 -0.209176 -0.424161 -0.442548 0.550893 2.16608 -2.65146 -0.396205 -0.475575 -0.0455155 0.041612 0.0740218 -5.11223 -0.187029 -0.0514139 0.0963455 67.025
102.484 -0.397172 0.507762 2.09267 2.46491 -0.203921 -0.403313 -0.446821 0.549566 2.1682 -2.72605 -0.341008 -0.370855 -0.0496496 0.041804 0.0755389 -5.19096 -0.137087 0.0324585 0.0995931 63.5411
102.729 -0.394966 0.504222 2.0957 2.48186 -0.180653 -0.302306 -0.449722 0.551619 2.19157 -2.81169 -0.387655 -0.316194 -0.054756 0.0473971 0.0958696 -5.29355 -0.207002 -0.0138877 0.120149 57.6138
103.085 -0.386921 0.504216 2.09777 2.49168 -0.164852 -0.224305 -0.448898 0.550444 2.20036 2.50975 -0.21504 -0.267581 -0.0619768 0.0462275 0.102595 0.0180699 -0.0501878 -0.0432751 0.128468 3.81013
103.355 -0.377351 0.50293 2.09979 2.49816 -0.155112 -0.169321 -0.435281 0.542671 2.16711 -2.82145 -0.324542 -0.191559 -0.0579295 0.0397409 0.0673207 -5.31961 -0.16943 -0.0222377 0.0972998 55.7035
103.645 -0.36529 0.500473 2.10222 2.50401 -0.147893 -0.118082 -0.427124 0.546287 2.19309 -2.88931 -0.293653 -0.125227 -0.0618345 0.0458146 0.0908653 -5.39331 -0.14576 -0.00714545 0.119076 51.5329
104.431 -0.267661 0.521022 2.10234 2.49843 -0.178162 0.0677812 -0.334568 0.560499 2.22097 2.52689 -0.285038 0.124812 -0.0669063 0.039477 0.118629 0.0284616 -0.106876 0.0570306 0.141802 7.29853
105.026 -0.200362 0.56587 2.08588 2.46326 -0.304829 0.0517831 -0.256491 0.595977 2.15792 -2.98124 0.0652161 -0.0180346 -0.0561286 0.0301071 0.0720437 -5.4445 0.370045 -0.0698177 0.0961621 51.9675
105.2 -0.183434 0.57858 2.08119 2.45633 -0.343984 0.0271623 -0.238967 0.607777 2.15296 -2.98438 0.0693025 -0.0667874 -0.055533 0.0291964 0.0717657 -5.44071 0.413287 -0.0939497 0.095324 53.0315
105.685 -0.123338 0.626656 2.06375 2.44999 -0.491241 -0.110277 -0.180979 0.662775 2.15932 2.44749 -0.418511 -0.0955835 -0.0576409 0.0361182 0.0955681 -0.0025017 0.0727302 0.0146932 0.117304 4.24122
105.819 -0.103728 0.641492 2.05871 2.4559 -0.536611 -0.167538 -0.157727 0.675342 2.13454 -2.99849 0.225609 -0.317541 -0.0539989 0.03385 0.0758331 -5.45439 0.762219 -0.150003 0.0990574 63.1472
105.984 -0.0765856 0.659548 2.05286 2.47135 -0.594263 -0.254838 -0.134545 0.68968 2.12137 -3.08681 0.264253 -0.438274 -0.0579599 0.030132 0.0685132 -5.55815 0.858517 -0.183437 0.0946644 63.1533
106.089 -0.0697716 0.664229 2.0515 2.47645 -0.607827 -0.278307 -0.112052 0.711379 2.14095 2.54587 -0.665317 -0.246474 -0.0422806 0.0471496 0.0894516 0.0694238 -0.05749 0.0318337 0.109601 6.21445
106.589 -0.00218246 0.696277 2.04292 2.56745 -0.723849 -0.575932 -0.0439795 0.735205 2.10227 2.50205 -0.783754 -0.479411 -0.0417971 0.0389284 0.059346 -0.0654008 -0.0599052 0.0965208 0.0823673 5.29306
106.71 0.00912232 0.700472 2.04233 2.59923 -0.742969 -0.662859 -0.0293755 0.742575 2.10755 2.60265 -0.757556 -0.624979 -0.0384978 0.0421028 0.0652196 0.0034215 -0.0145869 0.0378807 0.0866506 2.45511
106.897 0.0197424 0.703907 2.0419 2.63997 -0.759604 -0.775914 -0.0179924 0.771747 2.17408 2.63336 -0.748551 -0.742012 -0.0377348 0.0678401 0.132182 -0.00660487 0.0110538 0.0339024 0.153292 1.81962
107.063 0.0224048 0.704542 2.04293 2.67562 -0.765606 -0.879888 -0.0121243 0.760594 2.14271 2.67117 -0.772024 -0.821352 -0.0345291 0.0560517 0.0997768 -0.00444893 -0.00641791 0.0585357 0.119539 3.20308
107.194 0.0208496 0.702146 2.04452 2.69583 -0.763452 -0.948846 -0.0105322 0.780028 2.19735 2.74928 -0.708676 -0.930552 -0.0313818 0.0778812 0.152826 0.0534525 0.0547763 0.0182947 0.174374 4.96349
107.3 0.0185221 0.698506 2.04608 2.70545 -0.758937 -0.989732 -0.0127445 0.736878 2.08369 2.66177 -0.800418 -0.94719 -0.0312666 0.0383718 0.0376083 -0.0436847 -0.041481 0.0425423 0.0621642 3.04517
107.485 0.00927062 0.69083 2.04921 2.71317 -0.744406 -1.05632 -0.0185555 0.744781 2.12506 -3.03942 0.201824 -1.18006 -0.0278262 0.0539513 0.0758496 -5.75259 0.94623 -0.123741 0.0971503 60.9813
107.928 -0.040474 0.660446 2.05896 2.67107 -0.680024 -1.13652 -0.0613278 0.724227 2.15697 2.69279 -0.664331 -1.1288 -0.0208539 0.0637814 0.0980033 0.0217177 0.0156922 0.00771124 0.118775 1.79907
108.094 -0.0617598 0.648537 2.06223 2.64386 -0.653798 -1.13827 -0.0840292 0.709008 2.15943 2.67883 -0.712488 -1.12207 -0.0222694 0.0604709 0.0972013 0.0349752 -0.0586898 0.0162005 0.116622 4.30493
108.244 -0.0938665 0.629368 2.06727 2.60025 -0.613102 -1.12693 -0.109117 0.684483 2.13299 2.65379 -0.686606 -1.14706 -0.0152508 0.0551157 0.0657205 0.0535379 -0.0735038 -0.0201273 0.0871178 4.91821
108.517 -0.147068 0.597746 2.07496 2.52273 -0.540177 -1.08383 -0.167652 0.656697 2.15922 -2.67925 0.0258957 -1.12997 -0.020584 0.0589506 0.08426 -5.20198 0.566073 -0.0461397 0.104874 68.6027
108.997 -0.249632 0.561515 2.0805 2.361 -0.380444 -0.945145 -0.26844 0.621457 2.19314 2.41486 -0.46402 -1.01402 -0.0188074 0.0599425 0.112646 0.0538597 -0.0835763 -0.0688762 0.12898 6.16644
109.103 -0.258635 0.559604 2.0806 2.34609 -0.364335 -0.930002 -0.297694 0.607992 2.17582 2.35837 -0.389038 -0.945029 -0.0390594 0.0483876 0.0952128 0.0122812 -0.0247038 -0.0150268 0.113721 1.67164
109.256 -0.293235 0.554246 2.0806 2.28801 -0.298708 -0.867493 -0.334806 0.613806 2.21389 2.28079 -0.31031 -0.846082 -0.0415711 0.0595597 0.133289 -0.007216 -0.0116016 0.0214117 0.151794 1.34668
109.438 -0.325805 0.554104 2.07981 2.23293 -0.232985 -0.802905 -0.365751 0.612525 2.21973 2.23421 -0.256044 -0.818627 -0.039946 0.0584213 0.139924 0.00128197 -0.0230586 -0.015722 0.156804 1.59078
109.58 -0.347211 0.554738 2.07921 2.19324 -0.182841 -0.753463 -0.379966 0.592328 2.14663 2.20474 -0.213829 -0.785785 -0.0327556 0.03759 0.0674267 0.0115036 -0.0309889 -0.0323224 0.0838588 2.55635
109.845 -0.38574 0.561535 2.07778 2.11195 -0.0757513 -0.642396 -0.43333 0.613432 2.19867 2.12209 -0.083331 -0.677917 -0.0475896 0.0518975 0.120886 0.0101418 -0.00757974 -0.0355209 0.139899 2.11674
110.103 -0.404732 0.573783 2.07554 2.0542 -0.00255537 -0.554758 -0.457412 0.62309 2.1854 2.05925 0.000954632 -0.581093 -0.05268 0.0493073 0.109866 0.00504993 0.00351 -0.0263349 0.131441 1.54914
110.4 -0.407206 0.592765 2.07157 2.001 0.0519925 -0.466515 -0.46587 0.638839 2.18051 1.99565 0.0270389 -0.480645 -0.0586639 0.0460739 0.108941 -0.00535846 -0.0249536 -0.0141293 0.132032 1.66554
111.609 -0.224882 0.685722 2.05055 1.92666 -0.0728886 -0.310645 -0.296437 0.72894 2.15409 1.92739 -0.0595003 -0.289543 -0.0715556 0.0432175 0.103544 0.000726696 0.0133884 0.0211012 0.133076 1.43477
111.77 -0.195692 0.699658 2.04507 1.93049 -0.115132 -0.313531 -0.261517 0.737583 2.13017 1.92611 -0.0831282 -0.32643 -0.0658242 0.037925 0.0850997 -0.00437681 0.0320039 -0.0128982 0.114075 2.00193
111.911 -0.167533 0.715059 2.0386 1.93664 -0.159756 -0.3204 -0.229035 0.754354 2.12236 1.90253 -0.122779 -0.336435 -0.061502 0.0392945 0.0837601 -0.0341085 0.0369772 -0.0160345 0.111096 3.10753
112.068 -0.139818 0.730903 2.03156 1.94559 -0.206021 -0.331645 -0.197523 0.774804 2.12252 1.90494 -0.167248 -0.317968 -0.0577045 0.043901 0.0909683 -0.0406508 0.0387736 0.0136778 0.116329 3.2087
112.222 -0.104683 0.751367 2.02214 1.96327 -0.268108 -0.353069 -0.167317 0.806893 2.15124 1.95915 -0.208525 -0.334836 -0.0626343 0.0555267 0.129109 -0.00411468 0.0595831 0.0182333 0.153868 3.56161
112.377 -0.072061 0.769694 2.01344 1.9887 -0.328247 -0.382354 -0.132666 0.794472 2.06531 1.94654 -0.262419 -0.346717 -0.0606047 0.0247777 0.0518746 -0.0421621 0.0658285 0.0356376 0.0835334 4.6211
112.503 -0.0569952 0.777585 2.00965 2.00489 -0.356932 -0.400116 -0.107799 0.830401 2.1084 1.97567 -0.354303 -0.352993 -0.0508038 0.0528166 0.0987543 -0.0292191 0.00262902 0.0471229 0.122976 2.63953
112.65 -0.0364451 0.78784 2.00476 2.03375 -0.397623 -0.430628 -0.0812707 0.819842 2.04313 1.95487 -0.374059 -0.404293 -0.0448256 0.0320018 0.0383654 -0.0788728 0.0235641 0.0263349 0.0671219 4.40309
112.813 -0.0130291 0.79787 2.00025 2.0812 -0.446222 -0.478257 -0.058674 0.845311 2.07323 -2.65853 -0.052904 -0.577341 -0.0456449 0.0474408 0.0729744 -4.73973 0.393318 -0.0990842 0.098282 89.4391
112.957 0.00186797 0.803143 1.99813 2.1227 -0.477649 -0.518634 -0.0397009 0.848187 2.06219 2.07511 -0.450157 -0.466746 -0.0415689 0.0450444 0.0640621 -0.0475959 0.027492 0.0518877 0.0886619 3.39096
113.074 0.0139542 0.806523 1.99723 2.16866 -0.50418 -0.561998 -0.0253875 0.867102 2.08871 -2.79607 -0.0185564 -0.683123 -0.0393418 0.0605796 0.0914773 -4.96474 0.485624 -0.121125 0.116558 78.3077
113.225 0.0226583 0.808102 1.99768 2.21822 -0.525422 -0.607147 -0.0137834 0.870052 2.09091 2.15704 -0.483021 -0.558411 -0.0364417 0.0619506 0.0932278 -0.0611872 0.0424001 0.0487361 0.117717 4.06505
113.394 0.0297735 0.807822 1.99961 2.28712 -0.545372 -0.668008 -0.0046898 0.874693 2.10647 2.25001 -0.497387 -0.626347 -0.0344633 0.0668703 0.106861 -0.0371086 0.0479843 0.0416607 0.130685 3.56623
113.558 0.0304143 0.806999 2.0024 2.35573 -0.556016 -0.725548 -7.91423e-05 0.878977 2.11678 2.32692 -0.568929 -0.693954 -0.0304935 0.0719781 0.114386 -0.0288051 -0.0129131 0.0315935 0.138546 1.83334
113.775 0.0265991 0.805384 2.00518 2.40518 -0.557704 -0.764445 -0.00186819 0.846922 2.04398 2.35119 -0.584574 -0.723857 -0.0284673 0.0415383 0.0387956 -0.0539913 -0.0268708 0.0405879 0.0635682 3.09326
114.097 0.0165328 0.800318 2.01024 2.46624 -0.551235 -0.808209 -0.00740468 0.862244 2.0919 2.40952 -0.563866 -0.791819 -0.0239375 0.0619259 0.0816627 -0.0567159 -0.0126312 0.0163895 0.105245 2.95565
114.422 0.00474929 0.790734 2.0165 2.50838 -0.539065 -0.83371 -0.0169741 0.877517 2.14475 2.47921 -0.523505 -0.86988 -0.0217234 0.0867832 0.128247 -0.0291719 0.0155604 -0.0361704 0.156366 3.37533
114.668 -0.0111416 0.77867 2.02393 2.54557 -0.521802 -0.850925 -0.0303021 0.849799 2.10944 -2.97993 -0.031691 -0.957367 -0.0191604 0.0711291 0.0855119 -5.52549 0.490111 -0.106443 0.112866 50.2365
114.818 -0.0298135 0.764205 2.03166 2.5772 -0.500373 -0.85962 -0.0507614 0.844846 2.14741 2.51759 -0.512953 -0.885261 -0.0209479 0.0806411 0.115755 -0.0596033 -0.0125793 -0.0256408 0.142622 4.38276
114.946 -0.0520656 0.750141 2.03898 2.60243 -0.476049 -0.8587 -0.0740414 0.833139 2.17054 2.651 -0.447293 -0.908342 -0.0219758 0.0829981 0.131556 0.0485692 0.028756 -0.0496418 0.157094 3.39038
115.143 -0.0863651 0.734925 2.04694 2.62557 -0.440805 -0.842831 -0.100082 0.797977 2.12374 -3.00426 -0.109545 -0.925321 -0.0137169 0.0630523 0.0768059 -5.62983 0.331261 -0.08249 0.100314 40.9081
115.566 -0.12208 0.720823 2.05323 2.63801 -0.402047 -0.812881 -0.130148 0.797211 2.16205 -2.93936 -0.225609 -0.906967 -0.00806779 0.0763882 0.108825 -5.57736 0.176438 -0.0940867 0.133203 40.3296
115.669 -0.140345 0.712852 2.05629 2.64112 -0.381183 -0.793355 -0.161144 0.776388 2.14614 -3.00389 -0.123858 -0.860461 -0.0207991 0.0635363 0.0898546 -5.64501 0.257325 -0.0671066 0.111997 38.6096
115.847 -0.176705 0.697769 2.06148 2.64089 -0.337351 -0.745865 -0.199503 0.784936 2.21637 2.70145 -0.389509 -0.800745 -0.0227978 0.0871669 0.154882 0.0605586 -0.0521576 -0.0548796 0.179182 4.80538
116.01 -0.203784 0.689891 2.06413 2.6348 -0.303335 -0.703349 -0.228323 0.760831 2.18593 2.7017 -0.246213 -0.742206 -0.0245392 0.0709404 0.121807 0.066905 0.0571225 -0.0388572 0.143079 5.07188
116.262 -0.22811 0.683422 2.0657 2.62433 -0.268364 -0.657455 -0.254412 0.737259 2.14803 2.60463 -0.243872 -0.695047 -0.0263019 0.0538373 0.0823276 -0.0197041 0.0244917 -0.0375923 0.101824 3.01909
116.562 -0.258561 0.675245 2.06727 2.60578 -0.220585 -0.592623 -0.281918 0.73181 2.15324 -2.96556 -0.444737 -0.603479 -0.0233565 0.0565655 0.0859692 -5.57134 -0.224152 -0.0108566 0.105527 42.4871
116.678 -0.272891 0.671061 2.06812 2.59498 -0.196302 -0.559271 -0.304896 0.716408 2.12981 -2.98602 -0.449019 -0.534374 -0.0320054 0.0453469 0.0616887 -5.581 -0.252717 0.0248976 0.082983 43.1051
116.953 -0.302937 0.657746 2.07122 2.565 -0.134622 -0.476435 -0.330654 0.714365 2.14991 2.48875 -0.264822 -0.488326 -0.0277174 0.056619 0.0786955 -0.0762485 -0.1302 -0.0118917 0.100831 8.73811
117.085 -0.312021 0.65272 2.07242 2.5514 -0.11012 -0.444279 -0.354188 0.714657 2.18117 -3.01553 -0.457628 -0.37875 -0.0421676 0.0619375 0.108748 -5.56693 -0.347509 0.0655284 0.132063 46.5145
117.277 -0.32521 0.643604 2.07505 2.52191 -0.0621183 -0.382837 -0.357916 0.684163 2.11332 -2.95567 -0.449542 -0.336988 -0.0327062 0.0405586 0.0382703 -5.47758 -0.387424 0.045849 0.0646476 51.6184
117.631 -0.329959 0.635519 2.07812 2.47079 0.00426735 -0.303005 -0.376967 0.68142 2.14831 -2.979 -0.518218 -0.198608 -0.0470073 0.0459008 0.0701887 -5.44979 -0.522486 0.104397 0.0961406 57.4748
118.099 -0.315943 0.63436 2.07992 2.40262 0.065119 -0.236621 -0.372395 0.683633 2.16858 2.44473 0.00199698 -0.24003 -0.0564519 0.0492727 0.0886558 0.0421115 -0.063122 -0.00340912 0.11608 4.35541
118.234 -0.30576 0.635753 2.08033 2.37184 0.0831247 -0.218145 -0.362735 0.684217 2.16749 2.37099 0.0251251 -0.222028 -0.0569752 0.0484636 0.087165 -0.00084488 -0.0579997 -0.00388289 0.114859 3.33072
118.48 -0.289546 0.635397 2.08132 2.33087 0.09814 -0.203176 -0.34825 0.680857 2.15989 2.30191 0.0586243 -0.20926 -0.0587032 0.0454594 0.078576 -0.0289523 -0.0395157 -0.00608447 0.108106 2.81216
118.639 -0.281281 0.636245 2.08143 2.3102 0.10121 -0.199558 -0.33726 0.688223 2.18016 2.35142 0.120252 -0.207689 -0.0559788 0.0519774 0.0987271 0.0412194 0.0190418 -0.00813033 0.124829 2.68846
118.8 -0.264509 0.636995 2.08138 2.26983 0.0980442 -0.200178 -0.326939 0.70101 2.21585 -2.93243 -0.438119 -0.0121731 -0.0624304 0.0640141 0.134467 -5.20227 -0.536163 0.188005 0.161483 70.8211
118.969 -0.247874 0.642666 2.07896 2.2292 0.0819761 -0.210767 -0.30664 0.688708 2.17277 2.21414 0.0744169 -0.167329 -0.0587663 0.0460424 0.093809 -0.0150627 -0.00755921 0.0434373 0.11989 2.73165
119.397 -0.209438 0.666025 2.06763 2.14639 0.000651019 -0.267771 -0.264296 0.715612 2.16801 2.14432 0.00433048 -0.240766 -0.0548585 0.0495872 0.100386 -0.00206739 0.00367946 0.0270044 0.124682 1.56623
119.703 -0.181134 0.680197 2.05995 2.1079 -0.0813342 -0.327363 -0.230959 0.726897 2.13992 2.08992 -0.0716968 -0.308824 -0.0498256 0.0466999 0.0799635 -0.0179731 0.00963738 0.0185391 0.105155 1.52521
119.998 -0.14524 0.694885 2.05161 2.08561 -0.191493 -0.414639 -0.195565 0.742415 2.13422 -2.63652 -0.248245 -0.351949 -0.0503247 0.0475306 0.0826068 -4.72213 -0.0567518 0.0626907 0.107776 90.3253
120.112 -0.128267 0.699683 2.04878 2.08482 -0.238961 -0.457183 -0.181264 0.768274 2.18663 -2.61944 -0.235611 -0.419086 -0.0529963 0.0685908 0.137855 -4.70426 0.00334975 0.0380968 0.162842 90.9982
120.562 -0.0750005 0.696626 2.04638 2.12991 -0.3829 -0.623294 -0.118953 0.752682 2.13169 -2.63348 -0.128322 -0.658345 -0.0439525 0.0560562 0.0853091 -4.76339 0.254578 -0.035051 0.111138 87.563
120.725 -0.0610269 0.687081 2.04929 2.1695 -0.428659 -0.697952 -0.104987 0.743079 2.12468 2.09955 -0.409658 -0.620846 -0.04396 0.0559974 0.0753931 -0.0699477 0.0190011 0.077106 0.103693 4.72696
121.067 -0.0534655 0.660954 2.05824 2.26439 -0.486954 -0.834065 -0.0897905 0.72158 2.13797 2.19745 -0.495484 -0.765666 -0.036325 0.0606262 0.0797239 -0.0669338 -0.00853032 0.0683987 0.106541 4.01513
121.16 -0.0554772 0.651074 2.06168 2.29612 -0.497554 -0.872443 -0.0896502 0.703514 2.13416 2.29394 -0.485919 -0.845189 -0.0341731 0.0524406 0.07248 -0.00217882 0.0116356 0.0272534 0.0957662 1.64758
121.311 -0.0642869 0.631607 2.06867 2.36133 -0.510749 -0.944376 -0.0957222 0.696024 2.16592 2.32323 -0.519282 -0.921251 -0.0314353 0.0644168 0.0972444 -0.0380969 -0.00853392 0.0231258 0.120806 1.97734
121.474 -0.073298 0.618454 2.07326 2.40974 -0.514464 -0.992738 -0.103561 0.673577 2.15164 2.3564 -0.520749 -0.965755 -0.0302625 0.0551232 0.0783757 -0.0533385 -0.006285 0.0269827 0.100485 2.68015
121.622 -0.0845465 0.605597 2.07793 2.4564 -0.512631 -1.03424 -0.112318 0.649783 2.13041 -2.60452 -0.0382838 -1.06238 -0.0277719 0.0441864 0.0524762 -5.06093 0.474347 -0.0281353 0.0740099 74.0848
121.778 -0.10182 0.589203 2.08411 2.51425 -0.502529 -1.07713 -0.129044 0.640137 2.15289 2.42751 -0.48764 -1.07783 -0.0272237 0.0509333 0.0687773 -0.0867398 0.0148891 -0.000706524 0.0898089 5.06152
121.946 -0.12025 0.575031 2.08964 2.56544 -0.485464 -1.10418 -0.147102 0.645827 2.21931 -2.68577 -0.0762649 -1.12349 -0.0268512 0.0707955 0.129668 -5.25121 0.409199 -0.0193138 0.150156 62.9334
122.089 -0.130005 0.569044 2.09195 2.58853 -0.475019 -1.11162 -0.157414 0.61222 2.1491 -2.62284 -0.133485 -1.14123 -0.0274085 0.0431757 0.0571512 -5.21137 0.341534 -0.0296129 0.0766918 63.6917
122.29 -0.157074 0.555649 2.09716 2.63992 -0.443821 -1.11236 -0.181344 0.618818 2.21783 2.6562 -0.417328 -1.14261 -0.0242692 0.0631693 0.120667 0.016277 0.0264936 -0.0302479 0.138347 2.19731
122.661 -0.192869 0.540674 2.10315 2.69101 -0.398133 -1.08014 -0.223782 0.609311 2.24935 -2.72119 -0.160521 -1.12422 -0.0309136 0.0686377 0.146199 -5.4122 0.237612 -0.0440832 0.164441 50.992
123.095 -0.210397 0.53308 2.1062 2.71273 -0.37248 -1.05089 -0.235918 0.573961 2.15854 2.60881 -0.393897 -1.08653 -0.0255213 0.0408809 0.05234 -0.103912 -0.0214168 -0.0356381 0.0711482 7.08576
123.367 -0.23353 0.522418 2.11054 2.73887 -0.336241 -0.999184 -0.26135 0.581353 2.21793 -2.78865 -0.272772 -1.08137 -0.0278202 0.0589347 0.107391 -5.52752 0.0634696 -0.0821821 0.125619 42.2621
123.638 -0.250985 0.512856 2.1142 2.75746 -0.307747 -0.951294 -0.282083 0.570499 2.2207 -2.81195 -0.19679 -0.996522 -0.0310985 0.0576427 0.106505 -5.56941 0.110956 -0.0452286 0.125032 40.8008
124.251 -0.292806 0.495099 2.12062 2.7982 -0.24434 -0.812911 -0.322127 0.549633 2.22279 -2.80733 -0.306452 -0.906877 -0.029321 0.0545342 0.102166 -5.60553 -0.0621113 -0.0939663 0.119463 37.8673
124.572 -0.310931 0.487521 2.12298 2.81602 -0.219215 -0.744079 -0.339757 0.53625 2.20844 2.78652 -0.113327 -0.846933 -0.0288264 0.048729 0.0854508 -0.0294962 0.105887 -0.102854 0.102505 8.81207
124.958 -0.328634 0.481407 2.12482 2.83389 -0.196497 -0.670721 -0.358948 0.524674 2.1965 2.81896 -0.204404 -0.721807 -0.030314 0.043267 0.0716776 -0.0149243 -0.00790707 -0.051086 0.089043 3.24039
125.286 -0.351173 0.473424 2.12664 2.85863 -0.170543 -0.568302 -0.375878 0.513914 2.18342 2.81526 -0.196897 -0.655241 -0.0247049 0.0404901 0.0567764 -0.0433662 -0.0263542 -0.0869389 0.073982 6.14682
125.404 -0.361598 0.469837 2.1274 2.87122 -0.159574 -0.51566 -0.402363 0.513871 2.21519 -3.00017 -0.351445 -0.53213 -0.040765 0.044034 0.0877924 -5.87139 -0.191871 -0.0164707 0.10634 25.7961
125.687 -0.378263 0.465786 2.12793 2.89532 -0.142139 -0.410544 -0.411109 0.499345 2.17817 2.79329 -0.180278 -0.484514 -0.0328457 0.0335584 0.0502395 -0.102027 -0.0381385 -0.0739704 0.0687678 8.05242
125.882 -0.385907 0.46615 2.1276 2.91209 -0.132586 -0.333975 -0.428522 0.503767 2.2053 3.07544 -0.395485 -0.356849 -0.0426148 0.0376176 0.0776998 0.163342 -0.262899 -0.0228742 0.0962724 17.5858
126.123 -0.389964 0.467314 2.12736 2.92903 -0.125684 -0.260758 -0.434301 0.501198 2.19488 2.6926 -0.276338 -0.261435 -0.044337 0.0338842 0.0675205 -0.236434 -0.150654 -0.000676218 0.0875952 16.0588
126.448 -0.389752 0.471083 2.12698 2.95164 -0.120726 -0.170752 -0.436524 0.501576 2.18232 -3.02626 -0.21576 -0.194892 -0.0467728 0.0304924 0.0553456 -5.97789 -0.0950337 -0.0241402 0.0786169 18.1433
126.611 -0.385108 0.47596 2.12624 2.96824 -0.120216 -0.111368 -0.437514 0.50844 2.19651 2.90387 -0.175012 -0.154585 -0.0524063 0.0324805 0.0702778 -0.0643711 -0.0547962 -0.0432163 0.0934899 5.68072
126.922 -0.376136 0.484208 2.12518 2.99106 -0.123907 -0.0427419 -0.434343 0.517436 2.21 3.01423 -0.243822 -0.0911193 -0.0582077 0.0332287 0.0848237 0.0231715 -0.119915 -0.0483774 0.108108 7.4359
127.064 -0.370395 0.489698 2.12409 3.00205 -0.127653 -0.0142865 -0.428431 0.527415 2.21933 3.04228 -0.216317 0.00259238 -0.0580358 0.0377173 0.095247 0.0402289 -0.0886645 0.0168789 0.11774 5.72841
127.884 -0.332822 0.543866 2.11125 3.05591 -0.165764 0.0712529 -0.388132 0.563171 2.17732 3.14132 6.62077e-06 0.0475834 -0.0553091 0.0193054 0.0660728 0.0854098 0.16577 -0.0236695 0.0883029 10.7162
128.168 -0.321556 0.561297 2.10668 3.06953 -0.180331 0.0717182 -0.372649 0.574346 2.14941 2.55973 -0.198994 0.101962 -0.051093 0.0130487 0.0427278 -0.509807 -0.0186635 0.0302441 0.0678707 28.9514
128.582 -0.298077 0.603568 2.09537 3.09989 -0.219611 0.0365387 -0.34988 0.616938 2.1474 2.53376 -0.0672011 0.0193212 -0.0518027 0.0133703 0.0520349 -0.566126 0.15241 -0.0172175 0.0746318 33.7112
128.819 -0.288059 0.6262 2.08889 3.11037 -0.237775 0.00595923 -0.348922 0.659475 2.20684 3.09597 -0.16297 0.000282265 -0.0608626 0.0332752 0.117956 -0.0144081 0.0748053 -0.00567697 0.13684 4.3891
129.035 -0.278266 0.649767 2.08214 3.12026 -0.256466 -0.0330741 -0.334249 0.681227 2.18709 3.03073 -0.277331 0.014149 -0.0559828 0.0314602 0.104953 -0.0895329 -0.0208653 0.0472231 0.123041 5.26671
129.324 -0.262083 0.679856 2.07328 3.13366 -0.282299 -0.101318 -0.324716 0.711224 2.18612 2.6479 -0.069875 -0.0970417 -0.0626329 0.031368 0.112846 -0.485762 0.212424 0.0042759 0.132819 30.2902
129.583 -0.250182 0.701825 2.06729 -3.13899 -0.301793 -0.161313 -0.308397 0.732675 2.16669 -3.13674 -0.294077 -0.0955511 -0.0582152 0.0308509 0.0994015 0.00224664 0.00771546 0.0657615 0.119254 3.83318
129.677 -0.241883 0.716143 2.06359 -3.13169 -0.314668 -0.205549 -0.295987 0.760769 2.16404 2.64927 -0.0167111 -0.256134 -0.0541045 0.0446267 0.100449 5.78096 0.297957 -0.0505857 0.122511 33.8981
129.892 -0.218117 0.748912 2.05527 -3.11259 -0.346094 -0.331142 -0.283719 0.792652 2.18101 3.02593 -0.393229 -0.211862 -0.0656019 0.0437396 0.125743 6.13852 -0.0471343 0.11928 0.148418 9.03744
130.045 -0.207941 0.761596 2.05197 -3.10487 -0.358403 -0.386427 -0.267148 0.815104 2.17546 2.55324 -0.0951507 -0.405315 -0.059207 0.0535077 0.123492 5.65811 0.263252 -0.0188878 0.147034 39.0039
130.202 -0.1875 0.78574 2.04589 -3.08897 -0.382064 -0.503257 -0.243394 0.818838 2.1202 -3.03698 -0.30577 -0.425494 -0.0558941 0.0330984 0.074305 0.0519912 0.0762946 0.0777627 0.098696 7.53447
130.296 -0.176225 0.795298 2.04352 -3.08049 -0.393184 -0.564996 -0.225242 0.839113 2.11562 -3.1141 -0.479347 -0.49035 -0.0490165 0.0438149 0.0721013 -0.033607 -0.0861628 0.0746459 0.0975754 6.27648
130.47 -0.151574 0.809445 2.04022 -3.06335 -0.413613 -0.692299 -0.20559 0.85009 2.10912 2.51812 -0.222446 -0.635649 -0.0540157 0.0406453 0.0689057 5.58148 0.191168 0.0566495 0.0965284 40.7409
130.653 -0.12669 0.815621 2.03949 -3.04621 -0.431843 -0.821305 -0.183697 0.853735 2.09256 3.0251 -0.225486 -0.717281 -0.0570063 0.0381146 0.0530674 6.07132 0.206357 0.104024 0.0867098 16.5867
130.795 -0.109254 0.814387 2.04047 -3.03366 -0.444924 -0.917326 -0.166762 0.886618 2.15938 -3.07717 -0.434975 -0.841934 -0.0575079 0.0722315 0.118909 -0.0435066 0.00994883 0.0753917 0.150545 4.00291
130.97 -0.0914559 0.806021 2.04349 -3.01744 -0.462799 -1.04109 -0.142586 0.856919 2.09592 -2.95675 -0.414399 -0.965424 -0.0511303 0.0508984 0.0524331 0.0606963 0.0484003 0.0756627 0.0891863 7.16752
131.271 -0.0786396 0.779469 2.05055 -2.99505 -0.4929 -1.21232 -0.119773 0.844262 2.12202 2.6899 -0.326937 -1.16184 -0.0411336 0.0647932 0.0714688 5.68495 0.165963 0.0504855 0.104871 34.5194
131.422 -0.0799156 0.762386 2.05449 -2.98565 -0.510647 -1.28848 -0.116635 0.839476 2.15718 -2.9315 -0.474407 -1.22007 -0.0367198 0.07709 0.102694 0.0541499 0.0362399 0.0684149 0.133556 6.3874
131.579 -0.0855266 0.743333 2.0585 -2.97821 -0.530411 -1.35659 -0.119531 0.820507 2.16929 2.89163 -0.321608 -1.33727 -0.0340044 0.0771735 0.110799 5.86984 0.208803 0.0193268 0.139243 26.1048
131.905 -0.108017 0.695676 2.0662 -2.97304 -0.588502 -1.48138 -0.136786 0.768592 2.16212 -2.90396 -0.52484 -1.47099 -0.0287691 0.0729153 0.0959224 0.0690775 0.0636613 0.0103961 0.123877 5.64
132.091 -0.120979 0.675322 2.0686 -2.97727 -0.619002 -1.51761 -0.149113 0.734699 2.13531 -2.93726 -0.712221 -1.50847 -0.0281339 0.0593774 0.0667136 0.0400137 -0.0932193 0.00914245 0.093637 5.96135
132.285 -0.140902 0.648293 2.07108 -2.99029 -0.664749 -1.54816 -0.163352 0.703322 2.11396 -2.97403 -0.722905 -1.54673 -0.0224501 0.0550285 0.0428878 0.0162654 -0.0581566 0.00142637 0.0732906 3.47502
132.44 -0.156414 0.627865 2.07245 -3.00699 -0.702503 -1.55652 -0.187217 0.708781 2.19939 -2.90752 -0.592819 -1.54138 -0.0308032 0.0809155 0.12694 0.099465 0.109684 0.0151435 0.153655 8.86904
132.837 -0.194615 0.582538 2.07387 -3.07456 -0.799747 -1.5215 -0.216605 0.638514 2.12887 -2.991 -0.809272 -1.5776 -0.02199 0.055976 0.0550045 0.0835606 -0.00952534 -0.056092 0.0815007 3.37243
133.031 -0.211166 0.564178 2.07378 -3.11851 -0.843329 -1.48055 -0.241996 0.631988 2.18112 -3.03567 0.263795 -1.44144 -0.0308303 0.0678101 0.107346 0.0828384 1.10712 0.0391076 0.130659 63.678
133.179 -0.227342 0.548164 2.07298 3.10938 -0.886747 -1.42194 -0.251921 0.592213 2.11305 -3.09422 -0.910801 -1.46091 -0.0245786 0.0440488 0.0400625 -6.2036 -0.0240535 -0.0389632 0.0644159 3.42634
133.875 -0.297889 0.494395 2.06511 2.68592 -1.02667 -0.906235 -0.32308 0.539209 2.11937 -2.79529 0.500014 -1.07144 -0.0251916 0.0448142 0.0542607 -5.4812 1.52668 -0.165205 0.0747472 95.6603
134.024 -0.307624 0.488755 2.0642 2.61136 -1.03023 -0.808943 -0.344407 0.531772 2.13706 2.6573 -1.05338 -0.910699 -0.0367838 0.0430168 0.0728595 0.0459392 -0.0231436 -0.101756 0.0922605 4.02205
134.13 -0.320581 0.480014 2.0634 2.50564 -1.02599 -0.666025 -0.36148 0.525182 2.14435 2.61859 -1.1026 -0.787483 -0.0408991 0.0451675 0.0809529 0.11295 -0.0766102 -0.121458 0.101322 5.54419
134.64 -0.355515 0.457617 2.06322 2.23767 -0.940685 -0.230001 -0.414319 0.521616 2.22614 -2.58839 0.415915 -0.495628 -0.0588034 0.0639987 0.16293 -4.82606 1.3566 -0.265627 0.184661 106.443
134.932 -0.362437 0.450393 2.06549 2.18695 -0.873585 -0.0733937 -0.414607 0.494768 2.16273 2.16192 -0.884091 -0.0944068 -0.0521704 0.0443741 0.0972423 -0.025026 -0.0105054 -0.0210131 0.118941 2.55466
135.074 -0.3608 0.449644 2.06751 2.18196 -0.829798 0.0040114 -0.420113 0.49735 2.18648 2.10694 -0.837255 0.00391337 -0.0593136 0.0477065 0.118971 -0.0750196 -0.00745692 -9.80217e-05 0.141238 4.32364
135.228 -0.355845 0.450137 2.06952 2.19104 -0.799193 0.0491456 -0.406426 0.483536 2.12993 2.14715 -0.831577 0.0413244 -0.0505809 0.0333995 0.0604073 -0.0438876 -0.0323839 -0.00782121 0.0855745 3.40686
135.388 -0.34818 0.450845 2.072 2.20978 -0.771702 0.0838884 -0.400566 0.484541 2.13155 -2.66937 0.386206 -0.194137 -0.0523858 0.033696 0.059553 -4.87916 1.15791 -0.278025 0.0861757 98.9036
135.667 -0.326102 0.45455 2.07739 2.27003 -0.728651 0.125145 -0.386054 0.495389 2.17794 2.28177 -0.734427 0.110117 -0.0599518 0.0408392 0.100548 0.0117326 -0.00577549 -0.0150282 0.123983 0.727393
135.839 -0.305998 0.460346 2.08102 2.32277 -0.708746 0.133007 -0.372615 0.505108 2.19705 -2.83449 0.366073 -0.139959 -0.0666174 0.0447627 0.116023 -5.15726 1.07482 -0.272966 0.141077 85.8756
136.015 -0.281779 0.469771 2.0837 2.38464 -0.694907 0.12472 -0.353466 0.509012 2.19733 -2.8367 0.371448 -0.142196 -0.0716864 0.0392412 0.113629 -5.22135 1.06635 -0.266916 0.139966 83.3565
136.112 -0.269122 0.476743 2.08459 2.41792 -0.690295 0.114828 -0.322562 0.506185 2.14477 -2.89539 0.415113 -0.155813 -0.05344 0.0294424 0.0601782 -5.31332 1.10541 -0.270641 0.0856978 81.9978
136.287 -0.243396 0.493542 2.08562 2.4906 -0.684792 0.0822856 -0.308623 0.530193 2.19589 2.469 -0.676768 0.102289 -0.0652268 0.0366504 0.110265 -0.0215995 0.00802416 0.0200037 0.133252 1.12744
137.039 -0.154521 0.569682 2.08563 2.81388 -0.66984 -0.171118 -0.216756 0.598473 2.17897 2.68197 -0.646024 -0.0608103 -0.0622358 0.0287906 0.0933365 -0.131903 0.0238155 0.110307 0.115818 6.36125
137.25 -0.135685 0.586508 2.08602 2.8962 -0.658321 -0.252408 -0.193202 0.61538 2.17133 2.82775 -0.709669 -0.1633 -0.0575166 0.028872 0.085307 -0.0684423 -0.0513477 0.0891079 0.10686 4.97784
137.461 -0.117948 0.604614 2.08658 2.97942 -0.641453 -0.33882 -0.173268 0.638673 2.18284 2.88029 -0.661578 -0.257071 -0.0553195 0.0340592 0.0962588 -0.0991266 -0.0201255 0.0817495 0.116129 4.82174
137.647 -0.0961313 0.62854 2.08763 3.08998 -0.609502 -0.460312 -0.155172 0.672018 2.22355 2.99954 -0.54143 -0.39399 -0.0590408 0.0434783 0.135919 -0.0904406 0.0680723 0.0663229 0.154435 5.91977
137.86 -0.080834 0.646733 2.08854 -3.11361 -0.577989 -0.552909 -0.134592 0.678251 2.18094 2.71646 0.175248 -0.62833 -0.0537581 0.0315174 0.0924024 5.83007 0.753236 -0.0754206 0.111452 50.6725
138.128 -0.0594798 0.67569 2.09071 -2.99174 -0.512219 -0.70412 -0.102012 0.721859 2.18892 -2.99677 -0.562688 -0.658417 -0.0425323 0.0461686 0.0982095 -0.00503154 -0.0504689 0.0457034 0.116557 3.81146
138.74 -0.0374302 0.726189 2.10052 -2.75231 -0.276099 -1.06675 -0.0708858 0.773661 2.17296 -2.74066 -0.330642 -1.02926 -0.0334556 0.0474722 0.0724391 0.0116471 -0.0545434 0.0374952 0.0928457 3.96012
138.923 -0.0462263 0.723178 2.10678 -2.70929 -0.205571 -1.14853 -0.0745326 0.781122 2.19652 -2.67252 -0.252521 -1.1183 -0.0283063 0.0579447 0.0897427 0.0367647 -0.0469496 0.0302351 0.110511 4.04099
139.061 -0.0536323 0.719597 2.10991 -2.69127 -0.172179 -1.18557 -0.0839933 0.777801 2.20444 2.45462 -0.452522 -1.11923 -0.0303609 0.0582044 0.0945315 5.14588 -0.280344 0.0663421 0.11509 65.8479
139.251 -0.0805423 0.703101 2.11859 -2.65452 -0.09533 -1.26559 -0.101279 0.784852 2.25683 -2.71148 -0.133928 -1.24809 -0.0207367 0.0817514 0.138234 -0.0569575 -0.0385984 0.0175062 0.161932 3.97444
139.42 -0.100333 0.690269 2.12323 -2.6377 -0.0551638 -1.3056 -0.120624 0.775153 2.26884 -2.63205 -0.125216 -1.27341 -0.0202904 0.0848832 0.14561 0.00564536 -0.0700526 0.0321872 0.169762 4.44091
139.569 -0.125226 0.676607 2.12749 -2.62366 -0.0208492 -1.33785 -0.140601 0.733454 2.19444 -2.57279 -0.0576368 -1.30595 -0.0153752 0.0568466 0.0669495 0.0508643 -0.0367875 0.0318993 0.0891637 4.08562
139.71 -0.151925 0.663382 2.13025 -2.6123 0.0064942 -1.36333 -0.169143 0.723456 2.21673 -2.55136 -0.0538993 -1.35587 -0.0172181 0.0600746 0.0864843 0.0609339 -0.0603935 0.00746646 0.1067 4.94086
139.891 -0.190049 0.64726 2.13203 -2.60068 0.0316871 -1.38586 -0.201891 0.707357 2.21484 -2.53347 -0.0519048 -1.35441 -0.0118421 0.060097 0.082808 0.0672069 -0.0835918 0.0314515 0.103 6.41423
140.433 -0.275612 0.611298 2.13037 -2.59015 0.0382208 -1.38586 -0.297502 0.667945 2.21701 2.73031 -0.663045 -1.46013 -0.0218906 0.0566465 0.086644 5.32045 -0.701266 -0.0742631 0.105807 68.5026
140.592 -0.296038 0.603731 2.12871 -2.59286 0.0238386 -1.36966 -0.332632 0.674894 2.27487 -2.59329 0.0445544 -1.39014 -0.0365949 0.071163 0.146155 -0.000435551 0.0207158 -0.0204816 0.166627 1.66859
140.768 -0.313001 0.596991 2.12669 -2.59839 0.00224505 -1.3463 -0.342981 0.645337 2.20128 -2.53902 -0.0312001 -1.35841 -0.0299809 0.0483457 0.0745951 0.0593703 -0.0334452 -0.012106 0.0938115 3.95666
141.044 -0.337396 0.589193 2.12184 -2.61968 -0.0613999 -1.27782 -0.376719 0.631665 2.19039 -2.59808 0.0026047 -1.27913 -0.0393233 0.0424721 0.0685435 0.0215983 0.0640046 -0.00130615 0.089713 3.8703
141.567 -0.361557 0.583506 2.11087 -2.69584 -0.232701 -1.08115 -0.405853 0.627359 2.19018 2.65939 -0.430174 -1.17149 -0.044296 0.0438525 0.0793035 5.35522 -0.197472 -0.0903395 0.100867 56.1239
141.783 -0.364135 0.582083 2.1087 -2.71535 -0.268738 -1.03659 -0.421968 0.641343 2.24572 2.77572 -0.402135 -1.10043 -0.0578332 0.0592597 0.137014 5.49107 -0.133397 -0.0638339 0.160091 47.2992
142.03 -0.370375 0.576544 2.10485 -2.75873 -0.342236 -0.94009 -0.410364 0.615026 2.15367 2.67202 -0.333978 -1.01042 -0.0399887 0.0384819 0.0488131 5.43075 0.00825794 -0.0703312 0.0739099 50.3147
142.42 -0.382871 0.558547 2.09882 -2.84701 -0.470918 -0.753409 -0.43476 0.619293 2.21576 2.74664 -0.185679 -0.827236 -0.051889 0.0607461 0.116933 5.59365 0.28524 -0.0738267 0.141619 44.074
142.621 -0.387754 0.548517 2.09645 -2.88829 -0.524019 -0.669568 -0.440532 0.609198 2.2108 2.72688 -0.177492 -0.723138 -0.0527781 0.060681 0.11435 5.61517 0.346527 -0.05357 0.139799 43.9826
142.821 -0.392461 0.534581 2.09364 -2.94374 -0.590427 -0.559178 -0.43862 0.587191 2.17242 2.61593 -0.112773 -0.660946 -0.0461592 0.0526103 0.0787824 5.55967 0.477654 -0.101768 0.105381 51.327
143.025 -0.394142 0.522404 2.09186 -2.98496 -0.63846 -0.477794 -0.443534 0.576063 2.17327 2.67979 -0.075198 -0.612615 -0.049392 0.0536584 0.0814116 5.66475 0.563262 -0.134821 0.109301 50.1361
143.334 -0.393334 0.503251 2.08979 -3.04657 -0.711852 -0.354629 -0.448142 0.553411 2.1843 -2.97001 -0.628275 -0.416955 -0.0548085 0.0501606 0.0945176 0.0765556 0.0835766 -0.0623256 0.120223 5.95305
143.996 -0.355716 0.48679 2.08792 -3.13421 -0.848734 -0.169762 -0.421061 0.532218 2.18757 -3.10103 -0.855259 -0.194349 -0.0653456 0.0454286 0.0996497 0.0331763 -0.00652528 -0.0245869 0.12753 1.30656
144.085 -0.345797 0.488108 2.08756 -3.13828 -0.871737 -0.154502 -0.403477 0.531718 2.1855 -3.0943 -0.847424 -0.196347 -0.0576797 0.0436105 0.0979445 0.0439802 0.0243128 -0.0418453 0.121745 2.20992
144.873 -0.282529 0.548183 2.0754 -2.99923 -1.02903 -0.28225 -0.343831 0.581571 2.20082 -3.11145 -0.988019 -0.16744 -0.0613017 0.0333876 0.125414 -0.112226 0.0410057 0.11481 0.143531 4.30539
145.03 -0.274681 0.568457 2.07144 -2.92902 -1.05093 -0.365876 -0.330042 0.598978 2.1733 -3.02338 -1.04769 -0.236767 -0.0553609 0.0305214 0.101865 -0.0943569 0.00324833 0.129109 0.119887 3.82367
145.479 -0.250271 0.641356 2.05993 -2.6233 -1.06046 -0.753406 -0.300569 0.664994 2.13243 -2.6664 -1.09223 -0.661288 -0.0502981 0.0236379 0.0724987 -0.0430931 -0.0317722 0.0921177 0.0913494 3.78424
145.65 -0.242956 0.662603 2.0575 -2.53286 -1.04037 -0.878674 -0.296152 0.697633 2.14969 2.34621 0.466587 -0.965527 -0.053196 0.0350299 0.0921882 4.87906 1.50696 -0.0868528 0.112052 113.488
146.116 -0.219686 0.708514 2.05641 -2.34376 -0.92701 -1.19318 -0.265737 0.74873 2.12411 2.3046 0.253095 -1.19377 -0.0460501 0.0402155 0.0677028 4.64836 1.18011 -0.00058531 0.0912226 110.727
147.001 -0.24948 0.664618 2.07908 -2.28612 -0.64746 -1.53275 -0.281479 0.756774 2.22436 -2.27461 -0.658723 -1.48398 -0.0319986 0.0921559 0.145288 0.0115074 -0.0112629 0.0487693 0.175001 3.3012
147.093 -0.256434 0.657769 2.08036 -2.28991 -0.636246 -1.54254 -0.296778 0.711763 2.16093 2.49078 0.0120118 -1.47458 -0.0403445 0.0539938 0.0805702 4.78069 0.648257 0.0679593 0.105046 91.2258
147.257 -0.287449 0.629289 2.08475 -2.31001 -0.599476 -1.57198 -0.319853 0.680543 2.14941 -2.24469 -0.580987 -1.58562 -0.0324033 0.0512537 0.0646592 0.0653234 0.0184895 -0.013643 0.0886438 3.53336
147.442 -0.320757 0.601859 2.08732 -2.33765 -0.576791 -1.58634 -0.346046 0.65133 2.13299 2.59624 -0.0149552 -1.50242 -0.0252897 0.0494713 0.0456763 4.93389 0.561836 0.0839203 0.0719256 81.5472
147.689 -0.346615 0.574986 2.08823 -2.37378 -0.56829 -1.58587 -0.381051 0.64404 2.18806 -2.3041 -0.557894 -1.59532 -0.0344356 0.0690546 0.0998357 0.0696835 0.0103962 -0.00945073 0.12618 3.77896
148.799 -0.447502 0.458941 2.08492 -2.7033 -0.712037 -1.26268 -0.500208 0.516605 2.19908 -2.66715 -0.665182 -1.3511 -0.0527063 0.0576641 0.11416 0.0361457 0.0468542 -0.0884198 0.138332 4.88038
148.975 -0.45702 0.44678 2.08375 -2.7604 -0.740305 -1.18163 -0.504657 0.496993 2.17056 2.99941 0.169992 -1.13207 -0.0476367 0.0502128 0.0868123 5.75981 0.910297 0.0495579 0.111027 59.2791
149.301 -0.472779 0.417878 2.08287 -2.90432 -0.796921 -0.965762 -0.524226 0.469299 2.17133 -2.79558 -0.779476 -1.09097 -0.051447 0.0514215 0.0884622 0.108742 0.0174447 -0.125206 0.114527 5.27882
149.472 -0.476138 0.405627 2.08379 -2.96768 -0.814581 -0.865511 -0.524306 0.44941 2.14447 -2.94323 -0.841715 -0.96068 -0.0481684 0.0437823 0.0606811 0.0244508 -0.0271335 -0.0951689 0.0889903 4.78061
149.642 -0.476423 0.393858 2.08519 -3.02946 -0.827822 -0.764524 -0.545988 0.450767 2.22305 3.08886 0.242208 -0.848705 -0.0695653 0.0569088 0.137862 6.11832 1.07003 -0.084181 0.164571 62.3522
150.082 -0.460432 0.371573 2.09177 3.0965 -0.842614 -0.480606 -0.514139 0.405172 2.15305 3.12446 -0.903849 -0.505377 -0.0537075 0.033599 0.0612789 0.0279618 -0.0612351 -0.0247707 0.088139 3.66105
150.253 -0.439212 0.366243 2.09727 3.04173 -0.837304 -0.353976 -0.519574 0.4136 2.2287 3.09324 -0.844083 -0.426425 -0.0803619 0.0473575 0.13143 0.05151 -0.00677888 -0.0724485 0.161166 2.7989
150.387 -0.42847 0.365389 2.09978 3.02821 -0.833444 -0.312024 -0.490556 0.400354 2.17781 3.07423 -0.898952 -0.348613 -0.0620859 0.0349656 0.0780346 0.0460188 -0.0655077 -0.0365896 0.105672 4.12379
150.911 -0.347599 0.378158 2.11396 3.03869 -0.803935 -0.180739 -0.430626 0.416668 2.23888 2.98859 0.333096 -0.329077 -0.0830274 0.0385101 0.124913 -0.050099 1.13703 -0.148338 0.154854 65.7857
151.092 -0.321045 0.386487 2.11757 3.06565 -0.794044 -0.175107 -0.390639 0.410903 2.18305 3.05519 -0.881811 -0.184719 -0.0695936 0.0244156 0.0654851 -0.0104624 -0.0877666 -0.00961129 0.098629 5.14201
151.233 -0.293717 0.397815 2.12071 3.10152 -0.782849 -0.181535 -0.360393 0.424954 2.19634 3.12161 -0.857634 -0.180388 -0.0666761 0.0271386 0.0756329 0.0200981 -0.0747843 0.00114685 0.104415 4.44973
151.411 -0.257187 0.417957 2.12372 -3.12232 -0.76491 -0.207735 -0.330043 0.43693 2.19867 3.11228 -0.840869 -0.174685 -0.0728557 0.0189723 0.0749525 6.2346 -0.0759591 0.03305 0.106235 4.7628
151.706 -0.214857 0.450178 2.12533 -3.03249 -0.735865 -0.266894 -0.26594 0.472629 2.1772 -3.09428 -0.810019 -0.221926 -0.0510828 0.022451 0.0518633 -0.0617853 -0.0741534 0.0449677 0.0761794 4.94688
151.9 -0.18603 0.47956 2.12549 -2.95103 -0.705308 -0.332034 -0.245258 0.507777 2.23112 -2.98494 -0.742683 -0.291232 -0.0592278 0.0282168 0.105628 -0.0339093 -0.0373748 0.0408019 0.124344 2.794
152.274 -0.142697 0.539738 2.1242 -2.8032 -0.628927 -0.46936 -0.20015 0.564555 2.22803 -2.81425 -0.647254 -0.431885 -0.0574528 0.0248167 0.103829 -0.0110476 -0.0183278 0.0374748 0.121232 2.12006
152.398 -0.126583 0.566692 2.12335 -2.74237 -0.586308 -0.53326 -0.182012 0.602308 2.25645 -2.80968 -0.643141 -0.464727 -0.0554284 0.0356166 0.133095 -0.067311 -0.0568331 0.0685327 0.14851 4.83878
153.057 -0.0696216 0.670179 2.12146 -2.53859 -0.345125 -0.801872 -0.114511 0.720577 2.24685 -2.54102 -0.385444 -0.72741 -0.044889 0.0503978 0.125393 -0.00243185 -0.0403187 0.0744622 0.142402 4.80946
154.11 -0.111479 0.626779 2.15969 -2.4111 0.0532391 -1.11965 -0.139483 0.715386 2.33552 -2.45372 0.0226752 -1.1212 -0.0280039 0.0886076 0.175832 -0.0426158 -0.0305639 -0.00155036 0.198878 3.00322
154.464 -0.165372 0.586509 2.17043 -2.40495 0.139571 -1.18371 -0.189128 0.658657 2.29424 -2.41812 0.12672 -1.17146 -0.023756 0.0721481 0.123807 -0.013171 -0.0128513 0.0122464 0.145251 1.32086
156.084 -0.310941 0.465194 2.17822 -2.46891 0.06062 -1.07072 -0.360963 0.510132 2.28438 -2.44203 0.0598769 -1.09291 -0.0500217 0.0449382 0.106158 0.0268861 -0.000743112 -0.0221861 0.125663 2.05576
156.278 -0.312291 0.44725 2.17939 -2.48891 -0.00461401 -0.995192 -0.356739 0.490979 2.25148 -2.46294 -0.0150592 -1.03127 -0.0444475 0.0437296 0.0720909 0.0259647 -0.0104452 -0.0360757 0.0953151 2.60444
159.202 -0.141302 0.336716 2.17503 -2.71603 -0.567944 -0.265044 -0.196062 0.374465 2.34102 -2.69398 -0.543528 -0.264979 -0.05476 0.0377493 0.165984 0.0220512 0.0244164 6.50285e-05 0.178814 1.88637
159.382 -0.124611 0.358383 2.17115 -2.71096 -0.576382 -0.267168 -0.169905 0.372708 2.22656 -2.65033 -0.571777 -0.273524 -0.0452936 0.0143253 0.0554122 0.0606323 0.00460509 -0.00635621 0.0729879 3.30097
160.064 -0.107315 0.439217 2.15676 -2.67911 -0.571641 -0.339426 -0.143834 0.445196 2.21471 -2.73022 -0.563611 -0.280419 -0.0365184 0.00597864 0.0579517 -0.0511164 0.00802989 0.059007 0.0687585 3.09364
160.439 -0.108742 0.516041 2.14227 -2.65281 -0.544115 -0.442639 -0.137232 0.48636 2.08993 2.29005 0.346592 -0.636502 -0.0284898 -0.029681 -0.0523392 4.94286 0.890707 -0.193862 0.0665734 91.462
160.877 -0.106123 0.588839 2.12889 -2.62978 -0.493982 -0.587033 -0.145678 0.594076 2.20518 2.19908 0.116279 -0.629674 -0.039555 0.00523702 0.0762971 4.82886 0.610261 -0.0426411 0.0861004 89.5737
161.191 -0.0961359 0.635324 2.12188 -2.6168 -0.435112 -0.736416 -0.139171 0.66207 2.20245 -2.58743 -0.450744 -0.647713 -0.043035 0.0267458 0.0805771 0.0293646 -0.0156322 0.0887031 0.0951841 6.06553
161.532 -0.0804476 0.654743 2.12324 -2.61164 -0.355111 -0.928306 -0.126393 0.701485 2.21457 -2.56605 -0.376745 -0.82326 -0.0459458 0.0467421 0.0913332 0.0455903 -0.0216333 0.105046 0.112417 7.47181
161.713 -0.0763875 0.652416 2.12559 -2.6124 -0.331181 -0.985526 -0.117062 0.700608 2.20274 -2.60474 -0.316775 -0.939481 -0.040675 0.048192 0.0771511 0.00766352 0.0144061 0.0460453 0.0996455 2.9277
161.879 -0.0716564 0.639548 2.13213 -2.61704 -0.28543 -1.09751 -0.109968 0.690723 2.19592 -2.56598 -0.348658 -1.02711 -0.0383113 0.0511758 0.0637911 0.0510634 -0.0632284 0.0704038 0.0903107 6.73085
162.063 -0.073123 0.617959 2.13987 -2.62509 -0.244193 -1.20615 -0.110953 0.705632 2.29429 -2.67011 -0.259365 -1.12898 -0.0378303 0.0876736 0.154416 -0.04502 -0.0151715 0.0771767 0.181555 4.61253
162.598 -0.105015 0.540796 2.15897 -2.65388 -0.171369 -1.4416 -0.12682 0.60293 2.20469 -2.61972 -0.142894 -1.38336 -0.021805 0.0621339 0.0457167 0.034158 0.0284749 0.0582363 0.0801629 4.43482
162.997 -0.129887 0.501597 2.16536 -2.67123 -0.156122 -1.53102 -0.158804 0.550414 2.2268 2.73954 -0.35959 -1.51957 -0.0289169 0.0488174 0.0614411 5.41078 -0.203468 0.0114469 0.0836321 51.0819
163.33 -0.163654 0.454123 2.16988 -2.69723 -0.161887 -1.61604 -0.201613 0.522863 2.32924 2.96088 -0.33613 -1.60103 -0.037959 0.0687396 0.159365 5.65811 -0.174243 0.0150093 0.17766 36.9401
163.64 -0.178121 0.433876 2.1702 -2.71342 -0.18054 -1.64161 -0.211132 0.490464 2.2777 2.90834 -0.228662 -1.64367 -0.0330106 0.0565877 0.107502 5.62176 -0.0481217 -0.00205917 0.125891 38.0174
163.747 -0.183578 0.425239 2.17004 -2.72206 -0.193716 -1.64787 -0.222758 0.473874 2.27447 2.90768 -0.22062 -1.64389 -0.0391798 0.0486342 0.104438 5.62974 -0.0269034 0.00397375 0.121687 37.4242
164.022 -0.19106 0.40778 2.16891 -2.7463 -0.236906 -1.64383 -0.230019 0.459471 2.27205 -2.6811 -0.16963 -1.63856 -0.0389596 0.0516912 0.103142 0.065197 0.0672755 0.00526977 0.121771 5.4179
164.662 -0.176167 0.389792 2.16451 -2.83031 -0.380744 -1.51604 -0.225718 0.433458 2.28592 3.14127 -0.000307256 -1.52084 -0.0495511 0.0436662 0.121417 5.97158 0.380437 -0.00479932 0.138217 28.142
165.373 -0.169531 0.394334 2.15603 -2.92685 -0.516932 -1.26825 -0.210539 0.432209 2.27528 -2.90641 -0.403796 -1.33746 -0.0410082 0.037875 0.119251 0.0204414 0.113137 -0.0692167 0.13167 7.41423
165.754 -0.181269 0.402188 2.1497 -2.97756 -0.579064 -1.10031 -0.217205 0.435064 2.23761 2.91845 0.11955 -1.20599 -0.035936 0.0328758 0.0879154 5.89601 0.698614 -0.105678 0.100505 46.5968
167.625 -0.252375 0.436774 2.10422 3.0898 -0.776257 -0.50863 -0.281369 0.471532 2.20816 -3.11086 -0.699033 -0.576229 -0.0289933 0.0347577 0.103939 -6.20066 0.0772232 -0.0675993 0.113366 5.68093
167.892 -0.240906 0.449528 2.08835 3.04384 -0.830802 -0.42376 -0.297821 0.476948 2.18309 3.00251 0.347278 -0.626433 -0.0569151 0.0274203 0.0947403 -0.0413369 1.17808 -0.202673 0.113872 68.5118
168.098 -0.197516 0.470377 2.06575 2.99671 -0.911243 -0.320225 -0.276544 0.488662 2.15078 2.95677 0.415318 -0.597216 -0.0790275 0.0182853 0.0850271 -0.0399394 1.32656 -0.276991 0.117513 77.5522
168.234 -0.170625 0.481474 2.05408 2.98108 -0.960337 -0.274478 -0.23938 0.514082 2.1602 2.9149 -0.93454 -0.276367 -0.0687544 0.0326085 0.106124 -0.0661879 0.0257972 -0.00188879 0.130587 4.15256
168.745 -0.0632015 0.53735 2.00929 3.00469 -1.22912 -0.171752 -0.138098 0.541639 2.05691 2.92404 -1.16944 -0.12658 -0.0748961 0.0042894 0.0476186 -0.0806543 0.0596802 0.0451717 0.0888558 4.17673
