1898.07 0.507976 -0.0186891 1.11576 -2.76066 -0.2657 2.73412 0.394014 -0.0484581 1.01503 -2.93459 -0.616295 -3.01869 -0.113963 -0.029769 -0.100732 -0.17393 -0.350595 -5.7528 0.154986 33.971
1898.13 0.489141 0.0098717 1.12355 -2.75286 -0.232319 2.73288 0.354338 -0.012568 1.00441 -2.83955 -0.438094 -3.03489 -0.134803 -0.0224397 -0.119133 -0.0866922 -0.205775 -5.76777 0.181295 30.5849
1898.19 0.490253 0.0157164 1.12335 -2.74945 -0.227725 2.72853 0.355213 0.00384601 1.00871 -2.82816 -0.385275 -3.04452 -0.13504 -0.0118704 -0.11464 -0.0787095 -0.15755 -5.77305 0.177536 29.5686
1898.27 0.48101 0.0345575 1.12887 -2.75329 -0.202409 2.74156 0.349317 0.0182806 1.02258 -2.87725 -0.501867 -3.02988 -0.131693 -0.0162769 -0.106292 -0.123963 -0.299458 -5.77144 0.170018 32.4432
1898.34 0.458994 0.0493307 1.14012 -2.76923 -0.17249 2.77296 0.322393 0.0374909 1.03349 -2.88092 -0.466039 -3.01695 -0.136601 -0.0118398 -0.10663 -0.111689 -0.293549 -5.78991 0.173695 31.6522
1898.4 0.447835 0.0478773 1.1456 -2.7887 -0.159118 2.79716 0.307869 0.0382461 1.05426 -2.88199 -0.468299 -2.98255 -0.139966 -0.00963126 -0.0913329 -0.0932815 -0.309181 -5.77971 0.167407 32.7348
1898.47 0.425441 0.0280667 1.15028 -2.82151 -0.143793 2.81728 0.285595 0.0261339 1.07648 -2.81023 -0.427787 -2.96693 -0.139847 -0.00193278 -0.073794 0.011285 -0.283994 -5.78421 0.158134 32.9766
1902.61 0.341039 -0.307459 1.02662 -3.07969 -0.146467 2.86454 0.199693 -0.341589 1.04359 -3.13816 -0.214704 -2.90024 -0.141347 -0.0341303 0.0169738 -0.0584728 -0.0682371 -5.76478 0.146396 29.5364
1902.69 0.356413 -0.325145 1.01102 -3.08506 -0.178996 2.85148 0.205159 -0.346554 1.04267 -3.0894 -0.195391 -2.92108 -0.151254 -0.0214084 0.0316429 -0.00434181 -0.0163957 -5.77257 0.156004 29.2258
1904.47 0.196703 -0.0526425 1.12907 -2.97232 0.164976 3.09216 0.0944321 -0.116217 1.09084 -2.90185 0.0118235 -2.72393 -0.102271 -0.0635746 -0.0382254 0.0704699 -0.153153 -5.81609 0.126342 28.0838
1904.54 0.177731 -0.015056 1.13571 -2.94521 0.215706 3.13402 0.0658708 -0.0781283 1.0866 -2.82578 0.0482112 -2.68865 -0.11186 -0.0630724 -0.0491128 0.119426 -0.167495 -5.82266 0.137487 28.0181
1904.6 0.170824 -0.000762699 1.13752 -2.93527 0.237861 -3.13198 0.0528152 -0.0551474 1.08155 -2.83637 0.0670418 -2.66685 -0.118009 -0.0543847 -0.055973 0.0988963 -0.170819 0.465133 0.141481 28.1039
1904.67 0.161531 0.0096714 1.14104 -2.92999 0.263253 -3.1152 0.0427944 -0.0421671 1.07279 -2.77161 0.0483924 -2.64575 -0.118736 -0.0518385 -0.0682498 0.158382 -0.214861 0.469451 0.146436 29.6122
1904.74 0.155101 -0.00405304 1.14354 -2.94511 0.275969 -3.11401 0.0328838 -0.0460165 1.09653 -2.84266 0.0451992 -2.62512 -0.122217 -0.0419634 -0.0470129 0.102458 -0.23077 0.488889 0.137507 30.6088
1904.8 0.158811 -0.0138913 1.1433 -2.95469 0.273698 -3.11937 0.0302815 -0.0676234 1.07743 -2.69002 0.0406555 -2.63583 -0.128529 -0.0537321 -0.0658753 0.264672 -0.233042 0.483535 0.154099 32.1724
1904.87 0.193149 -0.055815 1.13638 -2.99185 0.242035 3.12249 0.0468542 -0.0942192 1.07429 -2.69703 0.0482992 -2.66282 -0.146295 -0.0384042 -0.0620938 0.294816 -0.193735 -5.78531 0.163501 32.7631
1904.94 0.19739 -0.0796041 1.13273 -3.01138 0.234265 3.09637 0.0612359 -0.119617 1.07478 -2.77711 0.0343205 -2.6784 -0.136154 -0.0400129 -0.0579518 0.234273 -0.199945 -5.77478 0.153288 32.37
1905.01 0.184479 -0.102086 1.13091 -3.03163 0.2402 3.07639 0.0562559 -0.146813 1.09245 -2.87551 0.0198105 -2.69326 -0.128223 -0.0447273 -0.0384648 0.156129 -0.220389 -5.76964 0.141143 32.1134
1905.08 0.177342 -0.107355 1.13069 -3.03877 0.243265 3.07249 0.0421922 -0.163865 1.08328 -2.95744 0.0970984 -2.70836 -0.13515 -0.0565094 -0.0474092 0.0813305 -0.146167 -5.78085 0.153969 29.5431
1905.14 0.174306 -0.107918 1.13118 -3.04143 0.243621 3.0709 0.0324687 -0.168776 1.0516 -2.88452 0.0912522 -2.70739 -0.141837 -0.0608584 -0.0795792 0.156912 -0.152369 -5.77828 0.17365 30.0613
1905.2 0.170379 -0.108997 1.13173 -3.04391 0.244603 3.06794 0.0268404 -0.174969 1.05238 -2.88177 0.0733702 -2.72029 -0.143538 -0.0659722 -0.0793523 0.162136 -0.171233 -5.78823 0.176783 29.9893
1905.27 0.162451 -0.115478 1.13361 -3.0506 0.245417 3.05933 0.0182621 -0.182539 1.04928 -2.89271 0.100672 -2.71908 -0.144189 -0.0670608 -0.0843243 0.157887 -0.144745 -5.77841 0.179995 29.8929
1905.39 0.155118 -0.102658 1.14105 -3.03815 0.245549 3.04853 0.0142999 -0.186503 1.04033 -2.89704 0.104192 -2.71639 -0.140818 -0.0838455 -0.100716 0.141119 -0.141357 -5.76492 0.192363 30.432
1905.41 0.155118 -0.102658 1.14105 -3.03815 0.245549 3.04853 0.00935214 -0.181744 1.04282 -2.90342 0.154387 -2.73646 -0.145766 -0.0790864 -0.0982266 0.13473 -0.0911621 -5.78499 0.192745 28.5006
1905.88 0.109077 0.303237 1.18071 -2.70107 0.267044 3.10235 -0.0167724 0.22912 1.07597 -2.60712 0.0549023 -2.70764 -0.12585 -0.0741169 -0.104743 0.0939458 -0.212141 -5.80999 0.179729 29.3514
1905.97 0.088579 0.297751 1.18292 -2.69966 0.276442 3.11789 -0.0262954 0.245281 1.09685 -2.64191 -0.0142918 -2.71614 -0.114874 -0.0524697 -0.0860664 0.0577512 -0.290733 -5.83403 0.152829 30.3877
1906.43 0.13071 -0.0660645 1.19941 -2.93958 0.20303 3.06992 -0.00706577 -0.102112 1.10097 -2.64083 -0.00179064 -2.74179 -0.137776 -0.0360479 -0.0984487 0.298747 -0.204821 -5.81171 0.17313 32.5334
1906.47 0.139289 -0.068293 1.20224 -2.93827 0.196482 3.07567 0.00421266 -0.134592 1.10315 -2.72553 0.0303632 -2.72967 -0.135077 -0.0662985 -0.0990881 0.21274 -0.166119 -5.80534 0.180166 30.1373
1906.53 0.164005 -0.0574949 1.21416 -2.91944 0.177124 3.09258 0.0248357 -0.142351 1.11679 -2.82047 0.0757127 -2.71352 -0.139169 -0.0848561 -0.0973713 0.0989661 -0.101411 -5.8061 0.189868 27.7983
1906.6 0.177014 -0.0357141 1.23206 -2.89282 0.165325 3.10053 0.0483123 -0.131139 1.13466 -2.83758 0.0515405 -2.71118 -0.128701 -0.0954253 -0.0973942 0.0552405 -0.113785 -5.81172 0.187498 27.6176
1906.67 0.178381 -0.0235839 1.24942 -2.87663 0.162563 3.10545 0.0519559 -0.117524 1.13571 -2.78454 -0.0115128 -2.70255 -0.126425 -0.0939405 -0.113706 0.0920899 -0.174076 -5.808 0.19426 29.0587
1906.74 0.190028 -0.0118487 1.26623 -2.86371 0.151003 3.11583 0.0584003 -0.110253 1.1629 -2.80563 -0.00622452 -2.70099 -0.131628 -0.0984047 -0.103327 0.0580783 -0.157227 -5.81681 0.194129 28.1366
1906.8 0.191448 -0.00965031 1.27717 -2.86078 0.147037 3.11682 0.069942 -0.104917 1.18275 -2.79191 -0.0396783 -2.69833 -0.121506 -0.095267 -0.0944237 0.0688683 -0.186715 -5.81516 0.180984 28.9019
1906.87 0.200288 0.00440093 1.29684 -2.84953 0.133171 3.10375 0.0740563 -0.0973525 1.20345 -2.80728 -0.0527537 -2.69724 -0.126232 -0.101753 -0.0933978 0.0422525 -0.185925 -5.80099 0.187113 29.5789
1906.94 0.216381 0.0140085 1.31344 -2.84586 0.112803 3.09187 0.0821763 -0.0863956 1.22915 -2.77254 -0.0476265 -2.72396 -0.134205 -0.100404 -0.0842852 0.0733231 -0.16043 -5.81583 0.187606 28.4592
1907.01 0.237836 0.0154847 1.32763 -2.84944 0.0888727 3.08536 0.10308 -0.0802823 1.25229 -2.79473 -0.070444 -2.72244 -0.134755 -0.095767 -0.0753442 0.0547118 -0.159317 -5.8078 0.181678 28.8388
1907.08 0.242943 0.0145229 1.34541 -2.85328 0.0783209 3.07824 0.117707 -0.0780192 1.25636 -2.78583 -0.103703 -2.72698 -0.125237 -0.0925421 -0.0890516 0.0674561 -0.182024 -5.80522 0.179384 29.5626
1907.14 0.232802 0.0186971 1.36712 -2.85369 0.0802964 3.07493 0.114684 -0.0732584 1.28102 -2.7855 -0.139319 -2.73335 -0.118118 -0.0919556 -0.0860946 0.0681831 -0.219616 -5.80828 0.172685 30.281
1907.21 0.226682 0.0211682 1.38854 -2.85491 0.0802476 3.07622 0.106365 -0.0642061 1.31338 -2.82542 -0.103602 -2.72765 -0.120317 -0.0853743 -0.0751568 0.0294904 -0.183849 -5.80387 0.16557 29.4431
1907.27 0.231475 0.0157767 1.40726 -2.85948 0.0735095 3.07421 0.106617 -0.0634616 1.34366 -2.81831 -0.102984 -2.7372 -0.124858 -0.0792383 -0.0636062 0.0411701 -0.176494 -5.81142 0.160979 28.9538
1907.33 0.23845 0.019959 1.42048 -2.85555 0.0685195 3.06666 0.113725 -0.0629545 1.35583 -2.79109 -0.0934405 -2.7344 -0.124725 -0.0829136 -0.0646496 0.0644548 -0.16196 -5.80106 0.163127 29.3836
1907.4 0.24326 0.0307181 1.4405 -2.8468 0.0681696 3.05345 0.121367 -0.0446048 1.39368 -2.85034 -0.0999417 -2.75292 -0.121893 -0.0753229 -0.0468136 -0.0035382 -0.168111 -5.80636 0.150741 28.9352
1907.57 0.20085 0.04441 1.4966 -2.83868 0.114513 3.02109 0.110538 -0.0125488 1.43973 -2.82991 -0.157389 -2.76961 -0.0903119 -0.0569587 -0.0568606 0.00877034 -0.271902 -5.7907 0.12097 32.1692
1907.61 0.181108 0.0416115 1.50673 -2.84351 0.133179 3.02349 0.0901061 -0.0073668 1.48331 -2.86967 -0.199637 -2.78659 -0.0910024 -0.0489783 -0.0234141 -0.0261567 -0.332816 -5.81008 0.105965 33.0312
1907.68 0.148874 0.023451 1.51796 -2.86302 0.16661 3.03913 0.0584238 -0.0111791 1.50887 -2.85894 -0.181304 -2.78117 -0.0904504 -0.0346301 -0.00909018 0.00407939 -0.347914 -5.8203 0.0972787 33.0721
1907.74 0.146803 0.00755663 1.51863 -2.87668 0.174183 3.04911 0.0335499 -0.0318389 1.48367 -2.70792 -0.0777541 -2.77133 -0.113253 -0.0393955 -0.0349585 0.168759 -0.251937 -5.82045 0.124902 31.211
1908.02 0.225485 -0.12308 1.50546 -2.96779 0.159036 3.05765 0.0585775 -0.194946 1.4522 -2.7544 0.028026 -2.74543 -0.166908 -0.071866 -0.0532613 0.213389 -0.13101 -5.80307 0.189367 29.9252
1908.34 0.354977 0.156715 1.56451 -2.80455 0.102914 -3.11309 0.242809 0.0580999 1.51365 -2.76996 -0.0409065 -2.63629 -0.112168 -0.0986147 -0.0508596 0.0345976 -0.143821 0.4768 0.157776 28.5203
1908.53 0.334394 0.0664089 1.57033 -2.848 0.117221 3.13096 0.238268 -0.0141176 1.54619 -2.75074 -0.162426 -2.68442 -0.0961255 -0.0805266 -0.0241468 0.0972632 -0.279647 -5.81538 0.127702 31.7411
1911.35 0.173314 0.0398728 1.60159 -2.38975 -0.0570716 2.9882 -0.0445118 0.0052456 1.69201 -2.56138 -0.364293 -2.8917 -0.217826 -0.0346272 0.0904247 -0.171631 -0.307221 -5.8799 0.238377 28.9625
