1803.69 0.161593 0.209338 0.970107 -2.63706 0.252666 2.17718 0.382379 0.245311 1.05385 -2.87791 0.115295 2.57056 0.220786 0.0359725 0.0837466 -0.240851 -0.137371 0.393377 0.23886 29.5091
1803.76 0.15407 0.226188 0.986527 -2.63116 0.296074 2.17648 0.363053 0.287252 1.06752 -2.86119 0.122612 2.55138 0.208984 0.0610634 0.0809882 -0.230026 -0.173462 0.374898 0.232297 29.1227
1805.25 -0.0165594 -0.38905 1.07174 3.12974 0.028403 1.91429 -0.007301 -0.381012 1.27814 2.79002 -0.587211 2.45674 0.0092584 0.00803829 0.206397 -0.339721 -0.615614 0.54245 0.206761 46.8913
1805.32 0.0132144 -0.421589 1.05747 3.11726 0.00562556 1.91424 0.0275148 -0.398993 1.25184 3.06068 0.225873 2.28974 0.0143004 0.0225957 0.194368 -0.0565817 0.220247 0.375506 0.196199 25.4312
2388.22 -0.450986 -0.280665 1.3955 2.77132 0.379063 1.2102 -0.523169 -0.115847 1.4263 3.11658 0.447737 1.92455 -0.0721835 0.164817 0.0307959 0.345263 0.0686746 0.714353 0.182547 37.6372
2388.29 -0.435043 -0.283957 1.3983 2.77945 0.382172 1.22227 -0.505296 -0.119094 1.42937 3.09528 0.500016 1.92286 -0.0702531 0.164863 0.0310759 0.315833 0.117844 0.700596 0.181882 36.7498
2388.38 -0.40143 -0.300578 1.39713 2.80011 0.382684 1.25238 -0.491599 -0.125331 1.42602 3.05438 0.559717 1.90533 -0.0901691 0.175247 0.0288932 0.254267 0.177033 0.652951 0.19919 34.7714
2388.5 -0.355502 -0.306132 1.40092 2.83265 0.393468 1.2848 -0.447877 -0.154275 1.45577 3.07734 0.49075 1.95001 -0.0923746 0.151857 0.0548572 0.244697 0.0972817 0.665212 0.186019 34.8658
2388.69 -0.313567 -0.33548 1.39531 2.87142 0.38951 1.32465 -0.391513 -0.175522 1.48295 -3.10651 0.467384 2.03618 -0.0779464 0.159958 0.0876418 -5.97793 0.077874 0.711534 0.198351 37.1954
2388.78 -0.304885 -0.360662 1.3844 2.8799 0.378423 1.34474 -0.388413 -0.193548 1.46641 -3.08541 0.438149 2.0538 -0.0835278 0.167114 0.0820089 -5.9653 0.059726 0.70906 0.204033 37.3353
2389.1 -0.239465 -0.45046 1.34663 2.91129 0.331398 1.45803 -0.328704 -0.301963 1.42661 3.11979 0.469243 2.09003 -0.0892394 0.148497 0.0799863 0.208505 0.137845 0.632 0.190821 34.2424
2389.32 -0.181523 -0.560443 1.27549 2.94548 0.228799 1.51828 -0.271848 -0.414194 1.38082 3.06803 0.419932 2.11941 -0.0903249 0.146249 0.105332 0.122554 0.191133 0.601123 0.201599 34.5827
