1777.18 0.249708 -0.324993 0.896643 2.69894 -0.017382 -0.162865 0.154754 -0.0897454 1.15565 2.67446 0.095383 0.0535425 -0.0949546 0.235248 0.25901 -0.0244842 0.112765 0.216407 0.362552 14.0939
1777.24 0.249031 -0.299214 0.912446 2.67173 -0.0203244 -0.170172 0.159204 -0.0630553 1.17455 2.6782 0.097007 0.0364807 -0.0898268 0.236159 0.262103 0.0064682 0.117331 0.206653 0.364058 13.6024
1777.31 0.248527 -0.286879 0.921386 2.65967 -0.0227116 -0.172596 0.160696 -0.0334058 1.19275 2.717 0.0964746 0.0344654 -0.0878312 0.253473 0.27136 0.0573369 0.119186 0.207061 0.381575 13.9671
1777.4 0.244688 -0.24368 0.941162 2.61702 -0.0331659 -0.176287 0.158215 0.00087296 1.17466 2.65895 0.107436 0.0315672 -0.0864733 0.244553 0.233494 0.0419298 0.140602 0.207854 0.349003 14.4951
1777.44 0.242886 -0.232542 0.946692 2.60641 -0.036908 -0.17648 0.150093 0.0393621 1.15746 2.58076 0.126808 0.0192837 -0.0927935 0.271904 0.210765 -0.025655 0.163716 0.195764 0.356321 14.736
1777.59 0.238091 -0.163884 0.973233 2.53814 -0.0511883 -0.182562 0.153999 0.128602 1.18283 2.58435 0.073327 0.00775203 -0.084092 0.292486 0.209594 0.0462012 0.124515 0.190314 0.369525 13.2658
1777.7 0.223672 -0.099567 0.994462 2.47496 -0.0752074 -0.190399 0.137408 0.20905 1.13929 2.44979 0.101124 -0.00350711 -0.0862647 0.308617 0.144833 -0.0251773 0.176332 0.186892 0.351657 14.7955
1777.77 0.217206 -0.0809477 1.00036 2.45723 -0.0844239 -0.191001 0.128882 0.243648 1.13861 2.43979 0.0962332 -0.00546074 -0.0883244 0.324596 0.138248 -0.0174345 0.180657 0.18554 0.363698 14.8648
1777.85 0.210345 -0.0592107 1.00669 2.43686 -0.0955518 -0.181479 0.121798 0.258316 1.12921 2.40426 0.077704 -0.00282976 -0.0885471 0.317527 0.122518 -0.0325926 0.173256 0.178649 0.351674 14.3589
1777.93 0.208672 -0.065078 1.00615 2.44174 -0.0967661 -0.173846 0.11982 0.253592 1.14556 2.38178 0.0679312 0.00183213 -0.0888525 0.31867 0.139403 -0.0599588 0.164697 0.175678 0.358997 14.1732
1777.98 0.207025 -0.0794887 1.00319 2.45427 -0.0961181 -0.171642 0.117367 0.233093 1.15384 2.37557 0.0698501 0.00924119 -0.0896585 0.312582 0.150644 -0.0786985 0.165968 0.180883 0.358385 14.717
1778.04 0.198619 -0.121713 0.994069 2.49114 -0.0951324 -0.1793 0.110328 0.199715 1.14547 2.33239 0.0856314 0.000232975 -0.0882909 0.321428 0.151399 -0.158752 0.180764 0.179533 0.366105 17.1519
1778.11 0.194232 -0.158816 0.984076 2.52513 -0.090286 -0.18671 0.10684 0.161667 1.15329 2.37059 0.0798135 0.0121637 -0.0873917 0.320484 0.169214 -0.15454 0.170099 0.198873 0.372801 17.361
1778.18 0.1933 -0.170074 0.980864 2.53577 -0.0885229 -0.187876 0.10271 0.118905 1.14459 2.37596 0.0783296 1.12554e-05 -0.0905897 0.288978 0.163726 -0.159806 0.166853 0.187887 0.344269 17.0118
1778.37 0.195935 -0.277589 0.945371 2.64564 -0.0640882 -0.189156 0.103657 0.00758516 1.14407 2.45688 0.0739087 0.0228575 -0.0922782 0.285175 0.198697 -0.188757 0.137997 0.212014 0.359612 18.0962
1784.31 0.249306 0.0800567 1.04257 2.37055 -0.0552219 -0.16454 0.185378 0.348313 1.1283 2.38676 0.107864 0.0116877 -0.0639284 0.268256 0.0857339 0.0162182 0.163086 0.176227 0.288788 13.7624
1784.38 0.247297 0.0785344 1.04365 2.37309 -0.0578353 -0.158725 0.177062 0.342907 1.12016 2.289 0.121719 0.00728744 -0.0702346 0.264372 0.0765075 -0.084093 0.179555 0.166013 0.284041 14.903
1784.44 0.245133 0.0617604 1.04368 2.38639 -0.0586014 -0.155815 0.173994 0.32176 1.12682 2.29985 0.0993987 0.0165087 -0.0711389 0.259999 0.0831367 -0.0865405 0.158 0.172324 0.282085 14.3425
1784.51 0.247223 0.0169731 1.04018 2.41892 -0.0518424 -0.164359 0.176761 0.28876 1.13569 2.30066 0.109531 0.0173477 -0.0704621 0.271787 0.0955113 -0.118265 0.161373 0.181706 0.296573 15.6014
1784.71 0.285081 -0.146328 1.00533 2.53543 0.0188157 -0.227173 0.191906 0.194993 1.15373 2.2863 0.102924 -0.00921388 -0.0931744 0.341321 0.148393 -0.24913 0.0841084 0.217959 0.383669 20.0899
1784.98 0.284727 -0.357282 0.940094 2.66265 0.12742 -0.367649 0.283713 -0.127498 1.12762 2.64 0.268347 -0.154979 -0.00101457 0.229784 0.18753 -0.0226537 0.140927 0.21267 0.296596 14.8771
1785.05 0.272807 -0.362246 0.947798 2.66387 0.122581 -0.377093 0.268091 -0.134988 1.13645 2.65556 0.281966 -0.169649 -0.00471533 0.227258 0.188651 -0.00830792 0.159385 0.207444 0.295394 15.062
1785.14 0.281608 -0.358332 0.961688 2.65673 0.123327 -0.368624 0.258517 -0.137 1.1414 2.65636 0.246681 -0.18121 -0.0230914 0.221332 0.17971 -0.000367319 0.123354 0.187414 0.286036 12.8528
1785.17 0.291762 -0.356363 0.962894 2.65408 0.128408 -0.361519 0.270565 -0.133767 1.15444 2.6703 0.245162 -0.168696 -0.0211975 0.222597 0.191545 0.0162174 0.116754 0.192823 0.294428 12.7951
1785.24 0.313135 -0.36397 0.963907 2.65958 0.144782 -0.348886 0.290899 -0.140458 1.15381 2.61798 0.23943 -0.151833 -0.0222365 0.223512 0.189903 -0.0416001 0.0946476 0.197053 0.294135 13.1424
1785.31 0.335682 -0.379019 0.962492 2.65887 0.173154 -0.366989 0.309248 -0.155828 1.14118 2.63604 0.27466 -0.15848 -0.0264336 0.22319 0.178688 -0.0228226 0.101506 0.208508 0.287127 13.6039
1785.37 0.360286 -0.397852 0.955719 2.66179 0.205558 -0.382621 0.345165 -0.174212 1.16042 2.63704 0.248279 -0.184511 -0.0151202 0.223639 0.204704 -0.0247498 0.042721 0.19811 0.303557 12.0026
1785.44 0.412505 -0.429477 0.930516 2.67864 0.264103 -0.374211 0.404616 -0.215956 1.17445 2.6813 0.248703 -0.179279 -0.0078894 0.213521 0.243936 0.00266099 -0.0154006 0.194932 0.324281 11.1659
1785.51 0.455556 -0.458901 0.904058 2.70337 0.310718 -0.354454 0.467775 -0.263845 1.15727 2.69725 0.294293 -0.163594 0.0122193 0.195056 0.253208 -0.00611764 -0.0164254 0.19086 0.31986 11.0849
1785.57 0.49474 -0.49037 0.874952 2.74064 0.351423 -0.322696 0.499512 -0.304775 1.12707 2.74224 0.367546 -0.120312 0.00477216 0.185595 0.252113 0.00160095 0.0161229 0.202384 0.313096 11.6005
1786.97 0.367476 -0.255707 1.11063 2.68423 0.131189 -0.160954 0.368303 -0.0545974 1.25776 2.78675 0.478163 0.0594364 0.000827192 0.20111 0.147134 0.102518 0.346974 0.220391 0.249187 23.2889
1787.04 0.331526 -0.245074 1.12657 2.69098 0.0781993 -0.137871 0.295115 -0.0377851 1.3071 2.82047 0.420026 0.0979111 -0.0364104 0.207289 0.180529 0.12949 0.341827 0.235782 0.277281 23.8518
1787.1 0.276157 -0.233511 1.14155 2.69992 0.00649392 -0.101825 0.221455 -0.0285057 1.29011 2.7186 0.255392 0.111661 -0.0547018 0.205005 0.148559 0.0186756 0.248898 0.213486 0.259016 18.7062
1787.17 0.283331 -0.214837 1.14476 2.68946 -0.00912526 -0.0953998 0.198167 -0.0103691 1.26866 2.66574 0.143536 0.11997 -0.0851643 0.204468 0.123905 -0.0237218 0.152661 0.21537 0.253797 15.2503
1787.24 0.286788 -0.213679 1.14441 2.68886 -0.00885147 -0.0952169 0.21085 -0.00255237 1.26931 2.64583 0.143032 0.127367 -0.0759379 0.211127 0.124905 -0.0430331 0.151884 0.222584 0.256792 15.7582
1787.32 0.267175 -0.233034 1.14848 2.72044 -0.0645432 -0.0863954 0.172564 -0.0150119 1.31721 2.67166 0.171927 0.126065 -0.0946117 0.218022 0.168726 -0.0487741 0.23647 0.21246 0.291468 18.5058
1787.37 0.268181 -0.256965 1.1425 2.74691 -0.0754807 -0.0774218 0.150437 -0.0559489 1.27962 2.58385 0.0861143 0.139933 -0.117744 0.201016 0.137123 -0.163069 0.161595 0.217354 0.270322 18.1239
1787.44 0.298511 -0.264625 1.13379 2.76982 -0.0771058 -0.0358117 0.168235 -0.0808966 1.29423 2.72838 0.0703148 0.176735 -0.130277 0.183728 0.160439 -0.0414352 0.147421 0.212547 0.27653 14.993
1787.51 0.311157 -0.252183 1.13578 2.77067 -0.0838822 -0.0150319 0.165864 -0.0693762 1.29966 2.74547 0.0346065 0.227165 -0.145293 0.182807 0.16388 -0.025203 0.118489 0.242197 0.285281 15.4763
1787.57 0.285064 -0.219469 1.15511 2.76548 -0.13387 0.0363593 0.140384 -0.0545397 1.33281 2.7746 0.0510441 0.269867 -0.144681 0.164929 0.1777 0.00911763 0.184915 0.233508 0.282332 17.0759
1787.64 0.252117 -0.210794 1.17028 2.7674 -0.170058 0.0491029 0.103598 -0.0536854 1.37035 2.81343 0.060625 0.297004 -0.148519 0.157109 0.200069 0.046024 0.230683 0.247901 0.294565 19.6605
1787.71 0.221636 -0.205906 1.18294 2.76655 -0.198076 0.0518735 0.0340079 -0.0526526 1.42518 2.91264 0.118455 0.302924 -0.187628 0.153254 0.242242 0.146091 0.316532 0.251051 0.342596 24.7552
1787.77 0.123767 -0.21561 1.20291 2.77619 -0.27586 0.0404649 -0.0470862 -0.0624653 1.43277 2.84094 0.00634189 0.298873 -0.170853 0.153145 0.22986 0.0647483 0.282202 0.258408 0.324777 22.5298
1787.85 0.0759061 -0.226444 1.21045 2.78818 -0.310478 0.0244826 -0.122593 -0.0832549 1.4457 2.84939 -0.0431174 0.279072 -0.198499 0.143189 0.23525 0.0612085 0.267361 0.254589 0.339481 21.8261
1787.96 -0.0220641 -0.257984 1.21272 2.82561 -0.382555 -0.00725375 -0.183661 -0.106377 1.41735 2.73534 -0.132852 0.267399 -0.161597 0.151607 0.204631 -0.090274 0.249704 0.274652 0.301616 20.8781
1788.01 -0.032281 -0.25873 1.21303 2.82845 -0.391738 -0.00560248 -0.23376 -0.125802 1.41335 2.77104 -0.194553 0.262015 -0.201479 0.132928 0.200324 -0.0574132 0.197185 0.267618 0.313677 18.5343
1788.05 -0.0409358 -0.256206 1.21391 2.82986 -0.401952 0.00181901 -0.263435 -0.134908 1.39199 2.71791 -0.218258 0.265092 -0.222499 0.121299 0.178075 -0.111948 0.183694 0.263273 0.309726 17.8703
1788.12 -0.028534 -0.23808 1.21711 2.82016 -0.399659 0.0206948 -0.273228 -0.134866 1.3931 2.74794 -0.305851 0.283486 -0.244694 0.103214 0.175989 -0.0722261 0.0938075 0.262791 0.318591 15.1455
1788.18 -0.00418174 -0.218316 1.21905 2.80966 -0.387751 0.0424119 -0.258954 -0.126342 1.39391 2.71597 -0.326157 0.294919 -0.254772 0.0919739 0.174861 -0.0936862 0.0615934 0.252507 0.322404 14.0032
1788.26 0.0185345 -0.201986 1.21831 2.80236 -0.374597 0.0588259 -0.233186 -0.11301 1.3777 2.67513 -0.307805 0.323302 -0.251721 0.0889767 0.159389 -0.127229 0.0667924 0.264476 0.310942 14.9362
1788.31 0.023926 -0.199501 1.21663 2.80188 -0.370184 0.059908 -0.215968 -0.1069 1.38723 2.69349 -0.287739 0.327028 -0.239894 0.092601 0.170598 -0.108397 0.0824447 0.26712 0.30859 15.2752
1788.37 0.0274109 -0.191741 1.21389 2.79811 -0.365522 0.0561574 -0.206183 -0.102543 1.39009 2.71021 -0.245772 0.328183 -0.233594 0.0891984 0.176202 -0.0878936 0.11975 0.272026 0.305892 16.3594
1788.44 0.0374603 -0.186891 1.20971 2.79582 -0.354318 0.0454283 -0.196503 -0.0917919 1.38263 2.68035 -0.251599 0.308591 -0.233964 0.0950986 0.172913 -0.115464 0.102719 0.263163 0.306075 15.676
1788.51 0.0474976 -0.196261 1.20289 2.80459 -0.342841 0.0371865 -0.175667 -0.0954186 1.37524 2.62148 -0.207763 0.296369 -0.223165 0.100842 0.172349 -0.18311 0.135077 0.259183 0.29946 17.4543
1788.57 0.0495973 -0.208112 1.19356 2.81519 -0.33854 0.0346651 -0.168428 -0.116021 1.38509 2.68048 -0.181157 0.305851 -0.218026 0.0920904 0.191526 -0.134715 0.157383 0.271186 0.304463 17.879
1788.64 0.0602666 -0.216058 1.17773 2.82617 -0.322015 0.0394021 -0.157707 -0.131997 1.36708 2.68137 -0.20593 0.307234 -0.217974 0.0840608 0.189358 -0.144795 0.116085 0.267832 0.300724 16.7737
1788.71 0.0915446 -0.210228 1.16745 2.82561 -0.287097 0.0444268 -0.126426 -0.135679 1.36497 2.69661 -0.234424 0.316168 -0.21797 0.0745489 0.197522 -0.129008 0.0526728 0.271741 0.303453 15.6979
1788.77 0.124409 -0.196555 1.16271 2.81623 -0.251726 0.0477145 -0.0661571 -0.122916 1.34233 2.71039 -0.239803 0.301342 -0.190566 0.0736386 0.179618 -0.105842 0.0119228 0.253628 0.272031 14.3299
1788.84 0.17097 -0.172003 1.15734 2.79489 -0.196347 0.0448505 0.00350885 -0.0941845 1.33505 2.7236 -0.184571 0.315011 -0.167462 0.0778184 0.17771 -0.0712873 0.0117758 0.27016 0.256281 15.2545
1788.91 0.160697 -0.174288 1.15543 2.79486 -0.196331 0.0448552 0.0639587 -0.0704883 1.31123 2.67277 -0.127212 0.322762 -0.0967381 0.1038 0.155797 -0.122093 0.0691191 0.277907 0.210726 16.7882
1788.97 0.18595 -0.162048 1.15156 2.78242 -0.160014 0.0365252 0.110703 -0.055505 1.32899 2.71533 -0.0657805 0.301434 -0.0752473 0.106543 0.177426 -0.0670882 0.094233 0.264908 0.220213 16.1519
1789.06 0.217354 -0.158307 1.14429 2.77318 -0.106959 0.00660525 0.135351 -0.0555033 1.32587 2.69142 0.0424853 0.286201 -0.0820036 0.102804 0.181577 -0.0817591 0.149444 0.279596 0.224195 18.6114
1790.91 -0.30941 -0.194923 1.27905 2.92629 -0.383899 -0.320753 -0.298836 -0.173949 1.36489 2.78953 -0.288861 0.0751083 0.0105736 0.0209738 0.0858407 -0.136765 0.0950379 0.395861 0.0889962 22.0674
1791.13 -0.353142 -0.204754 1.26428 2.93726 -0.403984 -0.338147 -0.33805 -0.168114 1.32225 2.7489 -0.270701 0.0647742 0.0150916 0.0366397 0.05797 -0.18836 0.133283 0.402921 0.0702193 23.2449
1791.32 -0.272342 -0.177577 1.28319 2.87735 -0.345129 -0.257868 -0.297959 -0.14175 1.33633 2.72538 -0.324949 0.0952026 -0.0256177 0.035827 0.0531418 -0.151966 0.0201799 0.35307 0.0690209 19.2309
1791.39 -0.243786 -0.165367 1.28791 2.85771 -0.317966 -0.244092 -0.26373 -0.123223 1.33863 2.71949 -0.292399 0.12095 -0.0199438 0.0421436 0.0507194 -0.138215 0.025568 0.365042 0.0688934 20.0528
1791.44 -0.222465 -0.15942 1.29114 2.84598 -0.292675 -0.245833 -0.232 -0.108378 1.36904 2.78199 -0.258188 0.120171 -0.00953508 0.0510426 0.0778957 -0.0639897 0.0344877 0.366004 0.0936163 20.3741
1791.51 -0.205538 -0.155911 1.29355 2.83615 -0.267733 -0.254641 -0.197946 -0.0964667 1.36714 2.75437 -0.2103 0.114498 0.00759204 0.0594439 0.0735851 -0.0817805 0.0574328 0.369139 0.0948999 20.8042
1791.58 -0.192203 -0.160591 1.29294 2.82783 -0.235369 -0.269419 -0.16883 -0.090892 1.36768 2.75652 -0.153058 0.0996495 0.0233724 0.0696992 0.0747406 -0.0713128 0.0823115 0.369068 0.104835 21.267
1791.64 -0.173394 -0.166089 1.29438 2.82705 -0.217086 -0.275809 -0.142514 -0.100823 1.3795 2.74021 -0.113594 0.0834895 0.03088 0.0652666 0.0851138 -0.0868338 0.103492 0.359299 0.111614 21.1972
1791.71 -0.12924 -0.186828 1.28883 2.81471 -0.144495 -0.295655 -0.106828 -0.114527 1.3658 2.73198 -0.0727726 0.0663464 0.0224119 0.0723013 0.0769734 -0.0827245 0.0717224 0.362001 0.107957 21.161
1791.84 -0.0973833 -0.146129 1.29542 2.76146 -0.0972704 -0.298915 -0.0515711 -0.0753364 1.37316 2.80772 0.0231499 0.0557566 0.0458121 0.0707921 0.0777483 0.0462593 0.12042 0.354672 0.114696 21.7023
1791.92 -0.091066 -0.131498 1.29945 2.73788 -0.0760183 -0.301176 -0.0357421 -0.0424122 1.36918 2.77875 0.0761451 0.0386707 0.055324 0.0890856 0.0697226 0.0408682 0.152163 0.339846 0.125929 21.4439
1791.98 -0.0862306 -0.140698 1.29925 2.73567 -0.0584851 -0.308404 -0.0198936 -0.0355654 1.36199 2.7242 0.122482 0.057642 0.066337 0.105132 0.0627412 -0.0114709 0.180967 0.366046 0.139248 23.3982
1792.04 -0.10007 -0.154409 1.2964 2.73985 -0.0539278 -0.315431 -0.0258583 -0.0487505 1.35083 2.67498 0.119526 0.0403553 0.0742114 0.105659 0.0544359 -0.0648636 0.173453 0.355786 0.140123 23.0625
1792.12 -0.123374 -0.182399 1.29069 2.75045 -0.0460352 -0.338799 -0.0359299 -0.0632947 1.35238 2.68377 0.108878 0.0231365 0.0874443 0.119104 0.0616936 -0.0666834 0.154914 0.361935 0.16012 22.9641
1792.18 -0.14009 -0.190228 1.28859 2.75456 -0.0492509 -0.35088 -0.0468486 -0.0755139 1.34165 2.69295 0.152622 -0.000767698 0.0932417 0.114714 0.0530544 -0.061605 0.201873 0.350112 0.157061 23.5464
1792.24 -0.163887 -0.194643 1.28719 2.75829 -0.0585074 -0.363626 -0.0691806 -0.0797277 1.34718 2.68596 0.117158 0.00699766 0.0947066 0.114916 0.0599893 -0.0723258 0.175666 0.370624 0.160542 23.941
1792.33 -0.191069 -0.199498 1.28582 2.76743 -0.0709163 -0.378544 -0.090382 -0.0810125 1.37194 2.75872 0.152713 -0.00916525 0.100687 0.118485 0.0861161 -0.00871019 0.223629 0.369378 0.177743 24.7249
1792.58 -0.161805 -0.0890233 1.31216 2.70994 -0.110225 -0.323891 -0.0699832 0.0387701 1.40174 2.77757 0.00584919 0.0183643 0.0918221 0.127793 0.0895709 0.0676307 0.116074 0.342255 0.181067 21.2397
1792.65 -0.121643 -0.0607229 1.31905 2.69203 -0.100496 -0.286849 -0.0167404 0.0796445 1.39849 2.77438 0.0284665 0.0634612 0.104903 0.140367 0.0794402 0.0823573 0.128962 0.35031 0.192402 22.0392
1792.71 -0.0926619 -0.0342517 1.32313 2.68553 -0.098834 -0.235597 0.0120295 0.11347 1.39091 2.69446 0.0673412 0.11479 0.104691 0.147722 0.0677804 0.00893522 0.166175 0.350387 0.193329 22.2112
1792.78 -0.0773824 -0.0170302 1.32595 2.68483 -0.0991917 -0.191448 0.0321715 0.144737 1.39339 -2.9231 -0.0235909 0.169214 0.109554 0.161768 0.0674446 -5.60793 0.0756008 0.360662 0.206687 44.9835
1792.85 -0.0751031 0.0104181 1.32942 2.68483 -0.106379 -0.153146 0.0354663 0.172017 1.36892 2.67618 0.147885 0.183939 0.110569 0.161599 0.0394978 -0.00865635 0.254264 0.337085 0.19975 24.1635
1792.92 -0.0750519 0.0221501 1.33036 2.68824 -0.108212 -0.142689 0.0378559 0.192229 1.36879 2.61174 0.112815 0.204371 0.112908 0.170079 0.0384346 -0.0765003 0.221027 0.34706 0.207731 23.9483
1792.98 -0.0843056 0.0177282 1.3269 2.71661 -0.111879 -0.141364 0.0359705 0.189314 1.38805 2.66181 0.159676 0.202307 0.120276 0.171586 0.0611528 -0.0547989 0.271555 0.343671 0.218284 25.2999
1793.05 -0.10394 0.0122392 1.3193 2.73772 -0.121849 -0.155144 0.0208183 0.179425 1.3625 -2.84736 -0.0715901 0.219428 0.124758 0.167186 0.0431973 -5.58508 0.0502592 0.374572 0.21303 47.0679
1793.13 -0.128858 -0.0141157 1.30148 2.77709 -0.130437 -0.180562 0.0028809 0.1644 1.36836 -2.83932 -0.0847203 0.201968 0.131739 0.178515 0.0668875 -5.61641 0.0457163 0.38253 0.231726 45.9177
1793.21 -0.133628 -0.0687649 1.28499 2.82411 -0.123939 -0.193048 -0.00272845 0.113707 1.3503 2.51539 0.0979152 0.171771 0.130899 0.182472 0.0653139 -0.308717 0.221854 0.364819 0.233873 29.9194
1793.37 -0.152618 -0.172315 1.24597 2.89994 -0.12605 -0.211914 -0.015419 -0.00857922 1.33615 2.66521 0.0882375 0.178642 0.137199 0.163736 0.0901791 -0.234738 0.214288 0.390557 0.231873 28.5667
1793.45 -0.149515 -0.205134 1.23346 2.91262 -0.120809 -0.237667 -0.0140248 -0.0805105 1.3238 2.71581 0.00128631 0.158268 0.13549 0.124623 0.0903436 -0.19681 0.122095 0.395935 0.205062 25.6454
1793.52 -0.142212 -0.248681 1.22258 2.92433 -0.118782 -0.253365 -0.00535501 -0.119365 1.32466 2.72457 0.0238478 0.151196 0.136857 0.129316 0.102081 -0.199756 0.14263 0.40456 0.21418 26.5885
1948.12 -0.110022 -0.134485 0.961426 2.67348 0.00238144 -0.26449 0.175367 0.0390154 1.08283 2.69297 0.28962 0.154023 0.285389 0.1735 0.1214 0.0194851 0.287239 0.418514 0.35537 28.9012
1948.18 -0.124311 -0.154936 0.949601 2.706 -0.00268276 -0.24833 0.155994 0.0233343 1.06379 2.6858 0.312907 0.171137 0.280305 0.17827 0.114193 -0.020201 0.31559 0.419467 0.351271 30.1612
1948.25 -0.159657 -0.229475 0.913341 2.80655 -0.0250524 -0.192173 0.120607 -0.0061369 1.07192 2.66751 0.299735 0.202887 0.280264 0.223338 0.158575 -0.139039 0.324787 0.39506 0.391885 31.0775
1949.58 -0.126248 0.033131 0.935494 2.58418 -0.109117 -0.323994 0.110295 0.225263 1.06022 2.66583 0.187262 0.1313 0.236543 0.192132 0.124728 0.0816505 0.296378 0.455294 0.329278 31.2352
1949.63 -0.133897 0.0402949 0.941368 2.5709 -0.121651 -0.322212 0.103905 0.247097 1.06345 2.69883 0.226579 0.11913 0.237802 0.206802 0.122086 0.127928 0.34823 0.441343 0.337967 32.616
1949.69 -0.147903 0.0441497 0.945257 2.56432 -0.138733 -0.317915 0.0886104 0.258887 1.05885 2.61254 0.241005 0.112305 0.236514 0.214738 0.113595 0.0482159 0.379738 0.43022 0.33905 32.7731
1949.77 -0.159821 0.0453387 0.950643 2.56002 -0.154969 -0.310293 0.0694168 0.267275 1.05067 2.61982 0.202252 0.131702 0.229238 0.221936 0.100022 0.0598019 0.357221 0.441995 0.334381 32.5681
1949.82 -0.167709 0.0428085 0.956061 2.55994 -0.167989 -0.296725 0.0530486 0.270956 1.05462 2.64486 0.239346 0.137838 0.220757 0.228147 0.0985623 0.0849195 0.407335 0.434563 0.332415 34.2094
1949.89 -0.184495 0.0393545 0.964114 2.56137 -0.19135 -0.267866 0.028589 0.272466 1.04775 2.58309 0.235342 0.150988 0.213084 0.233112 0.0836354 0.021726 0.426692 0.418853 0.326712 34.1322
1949.95 -0.187564 0.0344657 0.966015 2.5646 -0.194361 -0.261595 0.01687 0.253506 1.05225 2.47878 0.168162 0.18495 0.204434 0.21904 0.0862315 -0.0858236 0.362522 0.446544 0.311781 33.1515
1950.02 -0.191739 0.000970362 0.97245 2.5894 -0.194286 -0.245899 0.0151596 0.234981 1.05215 2.5565 0.145443 0.200095 0.206898 0.23401 0.0797004 -0.0329004 0.339729 0.445994 0.322366 32.0415
1950.08 -0.199013 0.0135881 0.978446 2.57705 -0.205801 -0.2398 0.00686878 0.250648 1.05673 2.66044 0.147525 0.205592 0.205882 0.23706 0.0782878 0.08339 0.353326 0.445392 0.323595 32.9179
1950.16 -0.205325 0.0245005 0.9812 2.5671 -0.215185 -0.235398 -0.00250645 0.266528 1.04321 2.56174 0.115149 0.214712 0.202819 0.242028 0.0620114 -0.00535762 0.330334 0.450109 0.321805 31.8831
1950.22 -0.209029 0.0209271 0.98679 2.56968 -0.219679 -0.228872 -0.00420035 0.258084 1.04315 2.42215 0.134529 0.20354 0.204829 0.237157 0.0563601 -0.147525 0.354208 0.432412 0.318394 32.7247
1950.29 -0.202994 -0.016741 0.988812 2.60464 -0.206119 -0.233637 0.00188631 0.212448 1.04524 2.33724 0.124471 0.205246 0.20488 0.229189 0.0564249 -0.267398 0.33059 0.438883 0.312549 34.3883
1950.36 -0.195998 -0.0938445 0.982222 2.67601 -0.18226 -0.244745 0.00710763 0.14735 1.05977 2.36311 0.136295 0.200814 0.203105 0.241194 0.0775472 -0.312902 0.318555 0.445559 0.324715 35.6588
1950.42 -0.187105 -0.171726 0.970128 2.74783 -0.154962 -0.258113 0.0123608 0.0704685 1.05927 2.39939 0.127494 0.211249 0.199465 0.242195 0.0891404 -0.34844 0.282456 0.469362 0.326176 36.7977
1950.55 -0.164841 -0.272779 0.946569 2.84177 -0.0980381 -0.292542 0.0220345 -0.00676243 1.06215 2.48451 0.104991 0.213196 0.186875 0.266016 0.115583 -0.357252 0.203029 0.505738 0.345031 37.2125
1950.61 -0.148814 -0.315723 0.935856 2.88092 -0.064196 -0.309963 0.0366579 -0.0758549 1.04282 2.55537 0.0981548 0.209093 0.185472 0.239868 0.106967 -0.325548 0.162351 0.519056 0.321525 36.4305
1950.64 -0.14356 -0.327687 0.933204 2.89148 -0.0547806 -0.312954 0.0541265 -0.135611 1.03992 2.61705 0.0838198 0.198048 0.197687 0.192076 0.106717 -0.274425 0.1386 0.511003 0.29557 34.2594
1953.18 0.0597181 -0.282404 0.991185 2.86016 0.162943 -0.253229 0.359379 -0.264369 0.968974 -3.11317 0.443479 0.341489 0.299661 0.0180355 -0.0222113 -5.97333 0.280536 0.594717 0.301024 36.7972
1953.62 -0.0738178 0.132935 1.10813 2.51556 -0.0608765 -0.202106 0.147132 0.26251 1.07739 2.60108 0.282529 0.225992 0.220949 0.129575 -0.0307405 0.0855154 0.343406 0.428099 0.257979 31.2973
1953.69 -0.0813479 0.110275 1.11005 2.52574 -0.064453 -0.193841 0.13466 0.254873 1.09092 2.49493 0.285972 0.217544 0.216008 0.144598 -0.0191331 -0.0308126 0.350425 0.411384 0.260642 31.0688
1953.76 -0.0748492 0.0676459 1.11111 2.54904 -0.0525456 -0.189601 0.132114 0.217626 1.08729 2.41916 0.243766 0.22459 0.206963 0.14998 -0.0238125 -0.129876 0.296312 0.41419 0.256699 30.5826
1953.84 -0.0556683 0.0205004 1.11138 2.57005 -0.0282715 -0.187765 0.148141 0.185778 1.11021 2.50329 0.252555 0.238054 0.203809 0.165277 -0.00116928 -0.0667531 0.280826 0.42582 0.262405 29.757
1953.91 -0.0544791 0.00947605 1.11068 2.57463 -0.0251954 -0.18718 0.14848 0.152414 1.11384 2.51148 0.323519 0.243104 0.202959 0.142938 0.00315736 -0.0631459 0.348715 0.430284 0.248261 32.2522
1954.63 -0.0964573 -0.106205 1.07832 2.65045 -0.0484677 -0.23715 0.0939871 0.03111 1.115 2.72198 0.211074 0.221677 0.190444 0.137315 0.0366823 0.0715373 0.259541 0.458826 0.237634 30.1198
1972.78 0.138322 -0.194268 0.791418 2.96874 0.465519 0.611215 0.200511 0.0407597 0.561626 -2.9304 0.525497 1.25282 0.0621889 0.235028 -0.229791 -5.89914 0.0599786 0.641602 0.334529 32.6284
1972.84 0.122182 -0.187412 0.783042 2.95756 0.45584 0.610318 0.182651 0.0504724 0.554077 -2.90461 0.475432 1.24417 0.0604692 0.237885 -0.228965 -5.86217 0.0195915 0.633852 0.335664 33.1623
1972.94 0.0960932 -0.169 0.765863 2.93176 0.455848 0.598191 0.166457 0.0634863 0.540353 -2.94986 0.469946 1.23139 0.0703636 0.232487 -0.22551 -5.88162 0.0140976 0.633196 0.331445 32.9625
1972.99 0.088099 -0.16765 0.75496 2.92967 0.45902 0.589054 0.156771 0.0732684 0.526131 -3.01312 0.506821 1.21497 0.0686721 0.240918 -0.228829 -5.94279 0.0478012 0.625918 0.339293 31.8476
1973.06 0.0815936 -0.171254 0.737941 2.93385 0.465574 0.577855 0.150289 0.0740574 0.505641 -3.07731 0.539067 1.19014 0.0686957 0.245311 -0.2323 -6.01116 0.0734924 0.612287 0.344761 30.9554
1973.12 0.0800892 -0.173591 0.719207 2.93549 0.473722 0.580043 0.148691 0.0740583 0.486882 -3.08321 0.4992 1.18081 0.0686022 0.24765 -0.232325 -6.0187 0.0254788 0.600766 0.346427 30.3873
1973.17 0.0817759 -0.176695 0.709814 2.94005 0.476515 0.586205 0.145877 0.0716742 0.461908 -3.09661 0.552618 1.19061 0.0641012 0.248369 -0.247906 -6.03666 0.0761034 0.604405 0.356726 30.5103
1982.56 -0.110791 -0.343521 0.622286 2.98836 0.311482 0.835983 0.0532035 0.0783591 0.386984 -3.0189 0.533668 1.46591 0.163994 0.42188 -0.235303 -6.00726 0.222185 0.629924 0.510141 35.1053
1982.61 -0.114591 -0.350627 0.615307 2.98014 0.302214 0.849318 0.0452348 0.0689639 0.377945 -3.0072 0.438001 1.47309 0.159826 0.419591 -0.237362 -5.98735 0.135788 0.623771 0.50788 34.2934
1982.66 -0.111727 -0.351996 0.61217 2.98011 0.306299 0.853619 0.0449522 0.0644286 0.366449 3.09971 0.388741 1.43892 0.156679 0.416424 -0.245721 0.119601 0.0824417 0.585303 0.508268 32.1786
1982.72 -0.100146 -0.350395 0.610725 2.99297 0.323595 0.850433 0.0550695 0.0597488 0.34918 2.9758 0.433999 1.40158 0.155215 0.410144 -0.261545 -0.0171644 0.110404 0.551147 0.510603 32.5594
1982.8 -0.0838686 -0.341815 0.616132 3.00885 0.352466 0.843405 0.071308 0.0599123 0.335293 2.97927 0.429715 1.39738 0.155177 0.401727 -0.280839 -0.0295808 0.0772491 0.553976 0.514135 32.7166
2000.21 -0.254999 -0.0415366 1.02873 2.64227 0.340729 -0.0901635 0.136137 -0.028292 0.620677 3.09579 0.505528 0.551587 0.391136 0.0132446 -0.408056 0.453528 0.164798 0.64175 0.565396 36.1524
2001.05 -0.221363 0.0765571 0.99696 2.32289 0.119118 -0.0712535 0.196606 0.162243 0.698376 2.22852 0.614557 0.321893 0.417968 0.0856861 -0.298584 -0.0943744 0.495439 0.393147 0.520761 37.674
